[55, 120]
[60, 120]
[62, 120]
[64, 120]
[55, 120]
[60, 120]
[64, 120]
[62, 120]
[53, 120]
[60, 120]
[62, 120]
[65, 120]
[57, 120]
[59, 120]
[65, 120]
[64, 120]
[55, 120]
[60, 120]
[64, 120]
[67, 120]
[59, 120]
[60, 120]
[67, 120]
[65, 120]
[57, 120]
[60, 120]
[65, 120]
[69, 120]
[59, 120]
[65, 120]
[69, 120]
[67, 120]
[60, 120]
[64, 120]
[67, 120]
[72, 180]
[64, 120]
[67, 120]
[72, 120]
[74, 180]
[64, 120]
[67, 120]
[74, 120]
[72, 180]
[64, 120]
[67, 120]
[72, 120]
[71, 180]
[64, 120]
[67, 120]
[71, 120]
[69, 180]
[64, 120]
[67, 120]
[69, 120]
[67, 180]
[60, 120]
[64, 120]
[67, 120]
[65, 180]
[60, 120]
[64, 120]
[65, 120]
[64, 350]
[59, 120]
[60, 120]
[64, 120]
[62, 350]
[57, 120]
[60, 120]
[62, 120]
[67, 350]
[59, 120]
[64, 120]
[67, 120]
[69, 350]
[60, 120]
[64, 120]
[69, 120]
[64, 350]
[57, 120]
[60, 120]
[64, 120]
[62, 350]
[57, 120]
[60, 120]
[62, 120]
[60, 350]
[55, 120]
[57, 120]
[60, 120]
[59, 350]
[53, 120]
[55, 120]
[59, 120]
[52, 120]
[56, 120]
[56, 120]
[59, 120]
[59, 120]
[64, 120]
[64, 120]
[68, 120]
[69, 120]
[65, 120]
[62, 120]
[65, 120]
[62, 120]
[59, 120]
[69, 120]
[65, 120]
[62, 120]
[65, 120]
[62, 120]
[59, 120]
[72, 120]
[69, 120]
[65, 120]
[69, 120]
[65, 120]
[62, 120]
[65, 120]
[62, 120]
[59, 120]
[62, 120]
[59, 120]
[55, 120]
[69, 120]
[65, 120]
[62, 120]
[65, 120]
[62, 120]
[59, 120]
[69, 120]
[65, 120]
[62, 120]
[65, 120]
[62, 120]
[59, 120]
[72, 120]
[69, 120]
[65, 120]
[69, 120]
[65, 120]
[62, 120]
[65, 120]
[62, 120]
[59, 120]
[62, 120]
[59, 120]
[55, 120]
[59, 120]
[56, 120]
[52, 120]
[61, 120]
[58, 120]
[54, 120]
[59, 120]
[56, 120]
[52, 120]
[61, 120]
[58, 120]
[54, 120]
[59, 120]
[56, 120]
[52, 120]
[59, 120]
[56, 120]
[52, 120]
[59, 120]
[56, 120]
[52, 120]
[59, 120]
[56, 120]
[52, 120]
[57, 120]
[53, 120]
[50, 120]
[60, 120]
[56, 120]
[53, 120]
[57, 120]
[53, 120]
[50, 120]
[60, 120]
[56, 120]
[53, 120]
[57, 120]
[53, 120]
[50, 120]
[57, 120]
[53, 120]
[50, 120]
[57, 120]
[53, 120]
[50, 120]
[57, 120]
[53, 120]
[50, 120]
[59, 120]
[56, 120]
[50, 120]
[59, 120]
[56, 120]
[50, 120]
[59, 120]
[56, 120]
[50, 120]
[59, 120]
[56, 120]
[50, 120]
[55, 120]
[60, 120]
[62, 120]
[64, 120]
[55, 120]
[60, 120]
[64, 120]
[62, 120]
[53, 120]
[60, 120]
[62, 120]
[65, 120]
[57, 120]
[59, 120]
[65, 120]
[64, 120]
[55, 120]
[60, 120]
[64, 120]
[67, 120]
[59, 120]
[60, 120]
[67, 120]
[66, 120]
[57, 120]
[62, 120]
[66, 120]
[69, 120]
[60, 120]
[66, 120]
[69, 120]
[67, 120]
[62, 120]
[67, 120]
[71, 120]
[76, 240]
[71, 120]
[67, 120]
[62, 120]
[64, 120]
[67, 120]
[69, 120]
[78, 240]
[69, 120]
[67, 120]
[64, 120]
[62, 120]
[67, 120]
[71, 120]
[76, 240]
[71, 120]
[67, 120]
[62, 120]
[64, 120]
[67, 120]
[70, 120]
[78, 240]
[70, 120]
[67, 120]
[64, 120]
[64, 120]
[67, 120]
[74, 120]
[78, 480]
[74, 120]
[67, 120]
[64, 120]
[64, 120]
[67, 120]
[73, 120]
[78, 480]
[73, 120]
[67, 120]
[64, 120]
[64, 120]
[67, 120]
[72, 120]
[79, 360]
[72, 120]
[67, 120]
[64, 120]
[78, 360]
[72, 120]
[67, 120]
[64, 120]
[76, 360]
[72, 120]
[67, 120]
[64, 120]
[64, 120]
[67, 120]
[72, 120]
[74, 240]
[72, 120]
[0, 0]
[67, 120]
[76, 240]
[0, 0]
[64, 120]
[78, 960]
[72, 120]
[67, 120]
[64, 240]
[72, 120]
[67, 120]
[64, 120]
[64, 120]
[67, 120]
[71, 120]
[74, 240]
[71, 120]
[0, 0]
[67, 120]
[76, 240]
[0, 0]
[64, 120]
[78, 960]
[71, 120]
[67, 120]
[64, 240]
[71, 120]
[67, 120]
[64, 120]
[64, 120]
[67, 120]
[70, 120]
[74, 360]
[70, 120]
[67, 120]
[64, 120]
[76, 360]
[70, 120]
[67, 120]
[64, 120]
[72, 360]
[70, 120]
[67, 120]
[64, 120]
[74, 120]
[70, 120]
[69, 120]
[67, 120]
[65, 120]
[64, 120]
[62, 120]
[60, 120]
[62, 120]
[58, 120]
[57, 120]
[55, 120]
[62, 480]
[58, 120]
[55, 120]
[58, 120]
[64, 480]
[58, 120]
[55, 120]
[58, 120]
[60, 480]
[58, 120]
[55, 120]
[58, 120]
[53, 240]
[58, 240]
[60, 240]
[62, 480]
[65, 240]
[70, 240]
[72, 240]
[74, 480]
[60, 240]
[54, 4560]
[58, 4320]
[60, 4080]
[63, 3840]
[51, 240]
[56, 240]
[58, 240]
[60, 240]
[51, 240]
[56, 240]
[60, 240]
[58, 240]
[51, 240]
[54, 240]
[58, 240]
[61, 240]
[51, 240]
[54, 240]
[61, 240]
[51, 240]
[56, 240]
[58, 240]
[60, 240]
[51, 240]
[56, 240]
[60, 240]
[58, 240]
[51, 240]
[54, 240]
[58, 240]
[61, 240]
[51, 240]
[54, 240]
[61, 240]
[54, 240]
[60, 240]
[61, 240]
[63, 240]
[54, 240]
[60, 240]
[63, 240]
[61, 240]
[54, 240]
[58, 240]
[61, 240]
[65, 240]
[54, 240]
[58, 240]
[65, 480]
[54, 240]
[60, 240]
[61, 240]
[63, 240]
[54, 240]
[60, 240]
[63, 240]
[61, 240]
[54, 240]
[58, 240]
[61, 240]
[65, 240]
[54, 240]
[58, 240]
[65, 240]
[55, 120]
[60, 120]
[62, 120]
[64, 120]
[55, 120]
[60, 120]
[64, 120]
[62, 120]
[53, 120]
[60, 120]
[62, 120]
[65, 120]
[57, 120]
[59, 120]
[65, 120]
[64, 120]
[55, 120]
[60, 120]
[64, 120]
[67, 120]
[59, 120]
[60, 120]
[67, 120]
[65, 120]
[57, 120]
[60, 120]
[65, 120]
[69, 120]
[59, 120]
[65, 120]
[69, 120]
[67, 120]
[60, 120]
[64, 120]
[67, 120]
[72, 180]
[64, 120]
[67, 120]
[72, 120]
[74, 180]
[64, 120]
[67, 120]
[74, 120]
[72, 180]
[64, 120]
[67, 120]
[72, 120]
[71, 180]
[64, 120]
[67, 120]
[71, 120]
[69, 180]
[64, 120]
[67, 120]
[69, 120]
[67, 180]
[60, 120]
[64, 120]
[67, 120]
[65, 180]
[60, 120]
[64, 120]
[65, 120]
[64, 350]
[57, 120]
[60, 120]
[64, 120]
[62, 350]
[57, 120]
[60, 120]
[62, 120]
[67, 350]
[59, 120]
[64, 120]
[67, 120]
[69, 350]
[60, 120]
[64, 120]
[69, 120]
[64, 350]
[57, 120]
[60, 120]
[64, 120]
[62, 350]
[57, 120]
[60, 120]
[62, 120]
[60, 350]
[55, 120]
[57, 120]
[60, 120]
[59, 350]
[53, 120]
[55, 120]
[59, 120]
[52, 120]
[56, 120]
[56, 120]
[60, 120]
[60, 120]
[64, 120]
[64, 120]
[68, 120]
[64, 120]
[68, 120]
[68, 120]
[72, 120]
[72, 120]
[76, 120]
[76, 120]
[80, 120]
[79, 120]
[84, 120]
[79, 120]
[84, 120]
[79, 120]
[86, 120]
[79, 120]
[84, 120]
[84, 120]
[89, 120]
[84, 120]
[87, 120]
[80, 120]
[86, 120]
[80, 120]
[84, 120]
[79, 120]
[86, 120]
[79, 120]
[84, 120]
[76, 120]
[83, 120]
[76, 120]
[81, 120]
[72, 120]
[79, 120]
[72, 120]
[77, 120]
[68, 120]
[76, 120]
[68, 120]
[74, 120]
[67, 120]
[74, 120]
[67, 120]
[72, 120]
[67, 120]
[74, 120]
[67, 120]
[72, 120]
[72, 120]
[77, 120]
[72, 120]
[75, 120]
[68, 120]
[74, 120]
[68, 120]
[72, 120]
[67, 120]
[74, 120]
[67, 120]
[72, 120]
[64, 120]
[71, 120]
[64, 120]
[69, 120]
[60, 120]
[67, 120]
[60, 120]
[65, 120]
[56, 120]
[64, 120]
[56, 120]
[62, 120]
[52, 120]
[55, 120]
[62, 120]
[52, 120]
[55, 120]
[60, 120]
[53, 120]
[57, 120]
[62, 120]
[53, 120]
[57, 120]
[60, 120]
[64, 120]
[67, 120]
[74, 120]
[64, 120]
[67, 120]
[72, 120]
[65, 120]
[69, 120]
[74, 120]
[65, 120]
[69, 120]
[72, 120]
[76, 120]
[72, 120]
[64, 120]
[76, 120]
[71, 240]
[64, 120]
[76, 120]
[72, 120]
[64, 120]
[76, 120]
[71, 240]
[64, 120]
[76, 120]
[72, 120]
[64, 120]
[79, 120]
[75, 120]
[67, 120]
[82, 120]
[78, 120]
[70, 120]
[83, 120]
[79, 120]
[71, 120]
[76, 120]
[72, 120]
[64, 120]
[76, 120]
[71, 240]
[64, 120]
[76, 120]
[72, 120]
[64, 120]
[76, 120]
[71, 240]
[64, 120]
[76, 120]
[72, 120]
[64, 120]
[79, 120]
[75, 120]
[67, 120]
[82, 120]
[78, 120]
[70, 120]
[83, 120]
[79, 120]
[71, 120]
[88, 120]
[84, 120]
[76, 120]
[88, 120]
[84, 120]
[76, 120]
[76, 120]
[72, 120]
[64, 120]
[76, 120]
[72, 120]
[64, 120]
[64, 120]
[60, 120]
[52, 120]
[64, 120]
[60, 120]
[52, 120]
[64, 120]
[60, 120]
[52, 120]
[64, 120]
[60, 120]
[52, 120]
[0, 0]
[48, 2880]
[52, 2880]
[0, 0]
[0, 0]
[50, 960]
[47, 960]
[0, 0]
[0, 0]
[48, 240]
[52, 240]
[0, 0]
[36, 240]
[36, 60]
[48, 4260]
[60, 1920]
[59, 480]
[57, 480]
[59, 480]
[60, 480]
[59, 480]
[57, 480]
[55, 480]
[53, 480]
[52, 480]
[57, 480]
[55, 480]
[53, 480]
[52, 480]
[50, 480]
[41, 1920]
[48, 120]
[50, 120]
[52, 120]
[53, 120]
[57, 120]
[60, 120]
[62, 120]
[64, 120]
[62, 120]
[60, 120]
[57, 120]
[53, 120]
[52, 120]
[50, 120]
[48, 120]
[41, 1920]
[48, 120]
[50, 120]
[52, 120]
[53, 120]
[57, 120]
[60, 120]
[62, 120]
[64, 120]
[62, 120]
[60, 120]
[59, 120]
[57, 120]
[52, 120]
[50, 120]
[48, 120]
[41, 1920]
[48, 120]
[50, 120]
[52, 120]
[53, 120]
[56, 120]
[60, 120]
[62, 120]
[64, 120]
[62, 120]
[60, 120]
[56, 120]
[53, 120]
[52, 120]
[50, 120]
[48, 120]
[41, 1920]
[48, 120]
[50, 120]
[52, 120]
[53, 120]
[56, 120]
[60, 120]
[62, 120]
[64, 120]
[62, 120]
[60, 120]
[58, 120]
[56, 120]
[52, 120]
[50, 120]
[48, 120]
[40, 120]
[47, 120]
[47, 120]
[52, 120]
[52, 120]
[56, 120]
[56, 120]
[59, 120]
[64, 1920]
[64, 90]
[64, 90]
[64, 90]
[64, 90]
[67, 90]
[64, 90]
[60, 90]
[57, 90]
[64, 90]
[64, 90]
[64, 90]
[64, 90]
[67, 90]
[64, 90]
[60, 90]
[57, 90]
[53, 90]
[55, 90]
[53, 90]
[55, 90]
[53, 90]
[53, 90]
[53, 90]
[53, 90]
[52, 90]
[55, 90]
[52, 90]
[55, 90]
[52, 90]
[52, 90]
[52, 90]
[52, 90]
[52, 90]
[52, 90]
[52, 90]
[52, 90]
[36, 60]
[48, 2340]
[45, 480]
[50, 480]
[47, 480]
[52, 1920]
[61, 90]
[52, 960]
[61, 90]
[59, 960]
[58, 960]
[57, 1920]
[58, 1920]
[59, 1920]
[60, 1920]
[53, 120]
[52, 120]
[50, 120]
[48, 120]
[46, 120]
[45, 120]
[43, 120]
[41, 120]
[40, 480]
[38, 480]
[36, 480]
[34, 3840]
[53, 240]
[58, 240]
[62, 240]
[34, 960]
[39, 480]
[34, 960]
[39, 960]
[34, 480]
[32, 3840]
[0, 0]
[66, 960]
[70, 960]
[0, 0]
[0, 0]
[65, 480]
[68, 480]
[0, 0]
[32, 3840]
[0, 0]
[66, 960]
[63, 960]
[0, 0]
[0, 0]
[66, 960]
[70, 960]
[0, 0]
[0, 0]
[65, 480]
[68, 480]
[0, 0]
[32, 7680]
[68, 1920]
[51, 960]
[44, 960]
[0, 0]
[31, 3840]
[43, 4320]
[0, 0]
[36, 480]
[60, 1920]
[59, 480]
[57, 480]
[59, 480]
[60, 480]
[59, 480]
[57, 480]
[55, 480]
[53, 480]
[52, 480]
[57, 480]
[55, 480]
[53, 480]
[52, 480]
[50, 480]
[41, 1920]
[48, 120]
[50, 120]
[52, 120]
[53, 120]
[57, 120]
[60, 120]
[62, 120]
[64, 120]
[62, 120]
[60, 120]
[57, 120]
[53, 120]
[52, 120]
[50, 120]
[48, 120]
[41, 1920]
[48, 120]
[50, 120]
[52, 120]
[53, 120]
[57, 120]
[60, 120]
[62, 120]
[64, 120]
[62, 120]
[60, 120]
[59, 120]
[57, 120]
[52, 120]
[50, 120]
[48, 120]
[41, 1920]
[48, 120]
[50, 120]
[52, 120]
[53, 120]
[56, 120]
[60, 120]
[62, 120]
[64, 120]
[62, 120]
[60, 120]
[56, 120]
[53, 120]
[52, 120]
[50, 120]
[48, 120]
[41, 1920]
[48, 120]
[50, 120]
[52, 120]
[53, 120]
[56, 120]
[60, 120]
[62, 120]
[64, 120]
[62, 120]
[60, 120]
[58, 120]
[56, 120]
[52, 120]
[50, 120]
[48, 120]
[40, 120]
[48, 120]
[48, 120]
[52, 120]
[52, 120]
[56, 120]
[56, 120]
[60, 120]
[56, 120]
[60, 120]
[60, 120]
[64, 120]
[64, 120]
[68, 120]
[68, 120]
[72, 120]
[72, 480]
[76, 120]
[72, 480]
[76, 120]
[74, 480]
[76, 120]
[72, 480]
[76, 120]
[77, 480]
[80, 120]
[75, 480]
[80, 120]
[74, 480]
[75, 120]
[72, 480]
[75, 120]
[74, 480]
[76, 120]
[72, 480]
[76, 120]
[71, 480]
[72, 120]
[69, 480]
[72, 120]
[67, 480]
[69, 120]
[65, 480]
[69, 120]
[64, 480]
[65, 120]
[62, 480]
[65, 120]
[62, 480]
[64, 120]
[60, 480]
[64, 120]
[62, 480]
[64, 120]
[60, 480]
[64, 120]
[65, 480]
[68, 120]
[63, 480]
[68, 120]
[62, 480]
[63, 120]
[60, 480]
[63, 120]
[62, 480]
[64, 120]
[60, 480]
[64, 120]
[59, 480]
[60, 120]
[57, 480]
[60, 120]
[55, 480]
[57, 120]
[53, 480]
[57, 120]
[52, 480]
[53, 120]
[50, 480]
[53, 120]
[50, 480]
[48, 480]
[0, 0]
[50, 480]
[41, 960]
[0, 0]
[48, 480]
[62, 480]
[60, 480]
[0, 0]
[62, 480]
[53, 960]
[0, 0]
[60, 480]
[0, 0]
[67, 480]
[60, 960]
[0, 0]
[69, 240]
[0, 0]
[67, 480]
[60, 960]
[0, 0]
[69, 240]
[0, 0]
[67, 480]
[60, 480]
[0, 0]
[0, 0]
[70, 480]
[63, 480]
[0, 0]
[0, 0]
[66, 480]
[73, 480]
[0, 0]
[0, 0]
[74, 480]
[67, 480]
[0, 0]
[0, 0]
[67, 480]
[60, 960]
[0, 0]
[69, 240]
[0, 0]
[67, 480]
[60, 960]
[0, 0]
[69, 240]
[0, 0]
[67, 480]
[60, 480]
[0, 0]
[0, 0]
[70, 480]
[63, 480]
[0, 0]
[0, 0]
[66, 480]
[73, 480]
[0, 0]
[0, 0]
[74, 480]
[67, 480]
[0, 0]
[79, 960]
[72, 480]
[67, 960]
[60, 480]
[55, 480]
[48, 480]
[43, 480]
[36, 480]
[0, 0]
[45, 3840]
[41, 3840]
[0, 0]
[0, 0]
[36, 240]
[43, 240]
[0, 0]
[24, 240]
