iteration: 211000, loss: 2.326790
----
(85, 80)
(61, 120)
(72, 120)
(0, -1)
(63, 120)
(61, 120)
(0, -2)
(0, -1)
(44, 0)
(68, 240)
(64, 1440)
(0, -2)
(0, -1)
(58, 0)
(73, 0)
(61, 80)
(75, 40)
(0, -2)
(0, -1)
(49, 80)
(67, 120)
(0, -2)
(0, -1)
(68, 0)
(80, 0)
(60, 0)
(68, 0)
(56, 0)
(68, 0)
(39, 0)
(60, 0)
(71, 120)
(80, 40)
(43, 120)
(52, 40)
(55, 40)
(64, 40)
(46, 0)
(80, 400)
(72, 240)
(68, 960)
(0, -1)
(46, 38)
(84, 40)
(0, -2)
(58, 150)
(68, 40)
(70, 120)
(62, 80)
(61, 120)
(53, 0)
(64, 180)
(74, 274)
(72, 120)
(63, 240)
(57, 240)
(69, 120)
(75, 60)
(61, 480)
(0, -1)
(44, 78)
(71, 120)
(0, -2)
(58, 130)
(65, 120)
(56, 579)
(63, 120)
(0, -1)
(58, 130)
(73, 240)
(68, 120)
(0, -2)
(0, -1)
(71, 120)
(67, 120)
(56, 240)
(0, -2)
(0, -1)
(41, 0)
(71, 120)
(0, -2)
(32, 40)
(0, -1)
(69, 120)
(58, 120)
(72, 240)
(0, -2)
(0, -1)
(49, 120)
(66, 120)
(0, -2)
(53, 54)
(0, -1)
(68, 0)
(73, 0)
(49, 40)
(80, 350)
(0, -2)
(0, -1)
(56, 40)
(72, 40)
(0, -2)
(0, -1)
(52, 0)
(68, 0)
(56, 0)
(71, 0)
(48, 49)
(65, 80)
(0, -2)
(0, -1)
(56, 0)
(72, 0)
(58, 80)
(63, 80)
(0, -2)
(0, -1)
(56, 80)
(56, 38)
(0, -2)
(0, -1)
(51, 0)
(70, 0)
(48, 40)
(75, 240)
(0, -2)
(0, -1)
(51, 0)
(73, 0)
(72, 200)
(80, 245)
(0, -2)
(0, -1)
(48, 0)
(68, 0)
(80, 0)
(71, 0)
(64, 0)
(80, 80)
(37, 34)
(62, 180)
(84, 0)
(72, 80)
(77, 240)
(0, -2)
(0, -1)
(80, 0)
(76, 0)
(58, 0)
(48, 0)
(51, 0)
(68, 0)
(77, 0)
(68, 0)
(55, 0)
(32, 0)
(51, 0)
(65, 0)
(56, 0)
(70, 0)
(57, 0)
(71, 0)
(64, 40)
(84, 0)
(69, 0)
(60, 0)
(65, 720)
(48, 49)
(73, 80)
(0, -2)
(0, -1)
(58, 0)
(71, 0)
(61, 80)
(72, 80)
(0, -2)
(0, -1)
(63, 40)
(73, 40)
(0, -2)
(0, -1)
(59, 40)
(65, 0)
(72, 0)
(89, 289)
(75, 200)
(0, -2)
(0, -1)
(68, 120)
(77, 0)
(62, 720)
(69, 180)
(62, 0)
(80, 0)
(50, 240)
(75, 240)
(0, -2)
(0, -1)
(46, 20)
(73, 0)
(0, -2)
(55, 140)
(51, 40)
(0, -1)
(67, 40)
(71, 120)
(0, -2)
(56, 240)
(51, 40)
(0, -1)
(68, 0)
(61, 80)
(37, 0)
(0, -2)
(0, -1)
(56, 0)
(71, 0)
(51, 0)
(72, 0)
(36, 20)
(63, 0)
(72, 0)
(56, 0)
(61, 0)
(60, 0)
(70, 0)
(56, 0)
(75, 0)
(48, 0)
(77, 0)
(63, 40)
(75, 40)
(75, 80)
(0, -2)
(0, -1)
(69, 0)
(63, 0)
(56, 0)
(72, 0)
(51, 0)
(72, 0)
(56, 0)
(76, 0)
(62, 0)
(55, 0)
(69, 0)
(51, 0)
(63, 0)
(53, 0)
(51, 0)
(73, 0)
(55, 0)
(68, 0)
(70, 180)
(75, 80)
(0, -2)
(70, 80)
(0, -1)
(75, 80)
(39, 0)
(60, 40)
(48, 40)
(0, -2)
(0, -1)
(39, 0)
(71, 120)
(64, 480)
(0, -2)
(0, -1)
(68, 40)
(67, 80)
(0, -2)
(0, -1)
(39, 80)
(58, 80)
(0, -2)
(0, -1)
(61, 0)
(75, 405)
(48, 40)
(77, 80)
(0, -2)
(0, -1)
(63, 40)
(72, 80)
(0, -2)
(61, 120)
(0, -1)
(75, 0)
(39, 80)
(40, 1440)
(0, -2)
(51, 40)
(0, -1)
(58, 180)
(68, 40)
(48, 0)
(0, -2)
(0, -1)
(53, 0)
(73, 80)
(92, 240)
(59, 664)
(0, -2)
(0, -1)
(41, 0)
(68, 240)
(0, -2)
(0, -1)
(44, 0)
(71, 0)
(64, 175)
(64, 80)
(0, -2)
(0, -1)
(53, 0)
(80, 0)
(80, 280)
(79, 240)
(0, -2)
(0, -1)
(63, 80)
(73, 80)
(0, -2)
(0, -1)
(39, 0)
(76, 80)
(74, 274)
(76, 289)
(0, -2)
(0, -1)
(52, 0)
(71, 0)
(57, 0)
(67, 0)
(72, 0)
(51, 0)
(61, 0)
(67, 0)
(57, 40)
(72, 40)
(0, -2)
(0, -1)
(83, 80)
(73, 0)
(72, 0)
(84, 0)
(68, 0)
(56, 0)
(66, 960)
(60, 80)
(64, 80)
(0, -2)
(0, -1)
(68, 80)
(67, 80)
(0, -2)
(0, -1)
(55, 0)
(72, 0)
(60, 80)
(63, 80)
(0, -2)
(65, 80)
(55, 80)
(72, 80)
(0, -1)
(44, 85)
(71, 120)
(0, -2)
(68, 80)
(48, 40)
(60, 120)
(0, -1)
(47, 40)
(58, 120)
(0, -2)
(58, 180)
(61, 240)
(0, -1)
(80, 80)
(44, 140)
(0, -2)
(56, 120)
(0, -1)
(49, 120)
(37, 240)
(0, -2)
(37, 7)
(0, -1)
(73, 120)
(53, 240)
(0, -2)
(54, 68)
(0, -1)
(54, 120)
(53, 120)
(0, -2)
(56, 180)
(49, 240)
(44, 240)
(0, -1)
(49, 120)
(63, 80)
(0, -2)
(56, 240)
(56, 240)
(49, 184)
(58, 240)
(44, 120)
(37, 120)
(61, 480)
(73, 120)
(54, 240)
(0, -1)
(43, 40)
(68, 120)
(0, -2)
(48, 40)
(54, 240)
(61, 180)
(65, 60)
(64, 120)
(84, 80)
(64, 480)
(61, 140)
(66, 720)
(65, 480)
(61, 120)
(71, 120)
(68, 60)
(37, 184)
(64, 120)
(64, 120)
(68, 120)
(61, 140)
(59, 130)
(61, 120)
(56, 140)
(61, 432)
(61, 120)
(49, 198)
(51, 240)
(63, 120)
(71, 120)
(59, 130)
(80, 120)
(73, 240)
(69, 120)
(58, 120)
(61, 120)
(71, 120)
(63, 120)
(68, 60)
(68, 60)
(58, 150)
(73, 120)
(66, 150)
(69, 120)
(80, 200)
(66, 120)
(80, 200)
(57, 240)
(77, 240)
(55, 140)
(48, 49)
(58, 150)
(64, 120)
(59, 120)
(64, 240)
(75, 184)
(77, 401)
(73, 150)
(69, 120)
(83, 80)
(59, 80)
(73, 120)
(61, 120)
(64, 180)
(73, 120)
(59, 240)
(61, 120)
(0, -1)
(61, 140)
(63, 120)
(0, -2)
(0, -1)
(71, 120)
(66, 120)
(59, 120)
(0, -2)
(0, -1)
(63, 480)
(68, 120)
(51, 49)
(0, -2)
(0, -1)
(71, 120)
(68, 120)
(61, 240)
(0, -2)
(0, -1)
(64, 120)
(64, 120)
(0, -2)
(0, -1)
(71, 120)
(66, 120)
(49, 40)
(0, -2)
(0, -1)
(68, 0)
(73, 240)
(65, 120)
(0, -2)
(0, -1)
(44, 80)
(71, 120)
(0, -2)
(70, 40)
(0, -1)
(71, 0)
(78, 960)
(80, 245)
(0, -2)
(0, -1)
(56, 80)
(73, 80)
(0, -2)
(0, -1)
(51, 0)
(73, 0)
(68, 40)
(79, 160)
(0, -2)
(0, -1)
(51, 80)
(72, 80)
(0, -2)
(0, -1)
(51, 0)
(72, 0)
(44, 80)
(75, 157)
(0, -2)
(0, -1)
(51, 0)
(68, 0)
(55, 0)
(77, 0)
(60, 0)
(65, 0)
(56, 0)
(68, 0)
(60, 40)
(69, 80)
(0, -2)
(0, -1)
(65, 80)
(68, 40)
(0, -2)
(0, -1)
(44, 48)
(63, 80)
(0, -2)
(0, -1)
(80, 80)
(63, 40)
(0, -2)
(0, -1)
(51, 80)
(72, 80)
(0, -2)
(0, -1)
(61, 80)
(53, 78)
(0, -2)
(0, -1)
(62, 720)
(64, 240)
(66, 240)
(0, -2)
(0, -1)
(71, 120)
(73, 40)
(0, -2)
(61, 120)
(0, -1)
(68, 120)
(68, 240)
(0, -2)
(72, 80)
(0, -1)
(59, 240)
(46, 63)
(65, 480)
(0, -2)
(44, 184)
(68, 240)
(0, -1)
(70, 0)
(64, 180)
(61, 120)
(0, -2)
(72, 80)
(39, 10)
(70, 80)
(0, -1)
(71, 120)
(87, 80)
(68, 240)
(0, -2)
(0, -1)
(71, 120)
(71, 0)
(49, 40)
(0, -2)
(44, 189)
(55, 0)
(63, 180)
(0, -1)
(67, 120)
(68, 240)
(0, -2)
(68, 720)
(55, 80)
(0, -1)
(77, 120)
(49, 14)
(63, 180)
(0, -2)
(0, -1)
(49, 240)
(61, 120)
(49, 240)
(0, -2)
(0, -1)
(53, 40)
(63, 480)
(54, 240)
(0, -2)
(0, -1)
(54, 480)
(59, 2880)
(49, 240)
(0, -2)
(54, 240)
(73, 150)
(54, 120)
(61, 480)
(0, -1)
(61, 120)
(58, 240)
(46, 38)
(0, -2)
(73, 120)
(53, 120)
(0, -1)
(56, 40)
(73, 240)
(0, -2)
(0, -1)
(51, 80)
(63, 80)
(0, -2)
(0, -1)
(51, 80)
(77, 80)
(0, -2)
(0, -1)
(61, 0)
(75, 0)
(55, 0)
(60, 0)
(60, 0)
(56, 80)
(56, 40)
(70, 80)
(0, -2)
(0, -1)
(51, 80)
(72, 80)
(0, -2)
(0, -1)
(55, 0)
(73, 0)
(60, 80)
(84, 80)
(0, -2)
(0, -1)
(61, 80)
(73, 80)
(0, -2)
(0, -1)
(61, 0)
(63, 0)
(68, 40)
(77, 401)
(0, -2)
(0, -1)
(57, 80)
(59, 120)
(0, -2)
(0, -1)
(58, 0)
(80, 0)
(51, 80)
(59, 240)
(0, -2)
(0, -1)
(56, 0)
(77, 0)
(60, 80)
(63, 80)
(0, -2)
(0, -1)
(49, 80)
(68, 80)
(0, -2)
(0, -1)
(50, 0)
(69, 0)
(48, 34)
(80, 267)
(0, -2)
(0, -1)
(39, 80)
(80, 80)
(0, -2)
(0, -1)
(57, 40)
(65, 80)
(0, -2)
(0, -1)
(71, 120)
(80, 480)
(0, -2)
(0, -1)
(68, 120)
(80, 0)
(64, 480)
(84, 80)
(0, -2)
(0, -1)
(75, 80)
(73, 80)
(0, -2)
(0, -1)
(53, 0)
(73, 80)
(74, 40)
(0, -2)
(0, -1)
(56, 80)
(67, 40)
(0, -2)
(0, -1)
(51, 0)
(75, 0)
(56, 40)
(72, 200)
(0, -2)
(0, -1)
(51, 80)
(73, 40)
(0, -2)
(0, -1)
(39, 0)
(80, 0)
(81, 80)
(77, 80)
(0, -2)
(0, -1)
(57, 40)
(51, 40)
(0, -2)
(0, -1)
(55, 0)
(72, 0)
(51, 0)
(75, 0)
(75, 720)
(75, 80)
(63, 60)
(63, 180)
(71, 40)
(48, 40)
(56, 180)
(39, 20)
(39, 23)
(58, 120)
(0, -1)
(83, 80)
(69, 120)
(0, -2)
(0, -1)
(58, 0)
(72, 120)
(60, 80)
(77, 80)