iteration: 261500, loss: 1.819574
----
(68, 0)
(64, 360)
(49, 9)
(0, -2)
(0, -1)
(55, 80)
(67, 40)
(0, -2)
(0, -1)
(51, 0)
(68, 0)
(56, 0)
(72, 0)
(60, 0)
(72, 0)
(80, 0)
(61, 0)
(72, 0)
(56, 80)
(68, 80)
(64, 120)
(0, -2)
(0, -1)
(75, 0)
(68, 0)
(56, 40)
(80, 245)
(0, -2)
(0, -1)
(44, 34)
(75, 40)
(0, -2)
(0, -1)
(52, 0)
(77, 0)
(44, 34)
(46, 38)
(0, -2)
(0, -1)
(52, 0)
(70, 0)
(56, 40)
(68, 40)
(0, -2)
(0, -1)
(51, 80)
(70, 80)
(0, -2)
(0, -1)
(57, 0)
(51, 40)
(80, 38)
(80, 80)
(0, -2)
(0, -1)
(70, 0)
(63, 40)
(70, 80)
(0, -2)
(0, -1)
(55, 0)
(72, 0)
(60, 0)
(77, 0)
(65, 0)
(80, 0)
(63, 40)
(67, 40)
(0, -2)
(0, -1)
(44, 80)
(41, 0)
(0, -2)
(63, 60)
(0, -1)
(72, 0)
(72, 0)
(73, 0)
(75, 80)
(84, 80)
(0, -2)
(0, -1)
(68, 0)
(80, 0)
(75, 0)
(77, 0)
(74, 0)
(61, 40)
(64, 20)
(67, 120)
(72, 80)
(59, 130)
(67, 0)
(63, 180)
(68, 60)
(66, 150)
(66, 960)
(44, 1440)
(67, 480)
(61, 120)
(69, 120)
(65, 60)
(68, 120)
(68, 60)
(61, 240)
(66, 240)
(68, 60)
(61, 240)
(68, 120)
(66, 150)
(72, 60)
(59, 120)
(69, 240)
(80, 40)
(65, 480)
(68, 60)
(77, 80)
(64, 240)
(68, 120)
(64, 240)
(0, -1)
(71, 180)
(73, 120)
(0, -2)
(0, -1)
(68, 120)
(40, 0)
(53, 240)
(0, -2)
(0, -1)
(68, 120)
(78, 80)
(66, 240)
(0, -2)
(0, -1)
(73, 240)
(69, 56)
(56, 240)
(82, 109)
(0, -2)
(0, -1)
(49, 240)
(63, 480)
(40, 20)
(0, -2)
(62, 240)
(73, 240)
(0, -1)
(49, 160)
(67, 960)
(0, -2)
(56, 240)
(75, 240)
(0, -1)
(51, 1200)
(44, 240)
(0, -2)
(0, -1)
(56, 240)
(44, 240)
(0, -2)
(0, -1)
(65, 60)
(68, 240)
(0, -2)
(77, 160)
(0, -1)
(66, 120)
(56, 120)
(0, -2)
(53, 120)
(56, 80)
(0, -1)
(65, 0)
(56, 120)
(56, 120)
(64, 40)
(0, -2)
(0, -1)
(63, 0)
(71, 0)
(56, 0)
(71, 0)
(62, 120)
(65, 0)
(68, 0)
(74, 40)
(72, 40)
(55, 40)
(0, -2)
(0, -1)
(50, 40)
(65, 960)
(0, -2)
(0, -1)
(51, 80)
(73, 40)
(0, -2)
(0, -1)
(51, 1200)
(77, 0)
(48, 49)
(75, 274)
(0, -2)
(0, -1)
(62, 480)
(66, 120)
(63, 960)
(0, -2)
(61, 432)
(72, 120)
(70, 180)
(0, -1)
(60, 480)
(70, 120)
(0, -2)
(73, 40)
(65, 60)
(75, 60)
(0, -1)
(64, 120)
(63, 720)
(54, 240)
(0, -2)
(51, 120)
(72, 120)
(0, -1)
(58, 240)
(66, 720)
(64, 120)
(0, -2)
(70, 80)
(72, 80)
(61, 432)
(73, 720)
(48, 120)
(72, 480)
(56, 140)
(61, 180)
(61, 120)
(61, 180)
(75, 240)
(68, 120)
(61, 140)
(44, 198)
(61, 120)
(61, 120)
(49, 240)
(0, -1)
(61, 720)
(75, 0)
(61, 240)
(0, -2)
(54, 120)
(61, 240)
(0, -1)
(80, 120)
(71, 120)
(0, -2)
(72, 80)
(49, 240)
(0, -1)
(61, 480)
(62, 720)
(71, 0)
(0, -2)
(0, -1)
(51, 32)
(68, 40)
(0, -2)
(0, -1)
(71, 120)
(68, 120)
(0, -2)
(0, -1)
(69, 360)
(60, 240)
(0, -2)
(82, 34)
(0, -1)
(66, 120)
(46, 41)
(0, -2)
(50, 120)
(71, 120)
(67, 0)
(0, -1)
(63, 120)
(64, 180)
(0, -2)
(0, -1)
(71, 120)
(58, 120)
(56, 180)
(0, -2)
(0, -1)
(56, 80)
(68, 80)
(0, -2)
(0, -1)
(51, 40)
(34, 49)
(0, -2)
(0, -1)
(55, 80)
(70, 80)
(0, -2)
(0, -1)
(51, 80)
(70, 80)
(0, -2)
(0, -1)
(55, 0)
(73, 0)
(84, 80)
(68, 40)
(0, -2)
(0, -1)
(56, 80)
(73, 80)
(0, -2)
(0, -1)
(51, 0)
(72, 0)
(44, 40)
(72, 160)
(0, -2)
(0, -1)
(51, 80)
(77, 0)
(0, -2)
(0, -1)
(58, 0)
(87, 0)
(58, 0)
(58, 80)
(72, 80)
(73, 240)
(0, -2)
(0, -1)
(52, 80)
(73, 80)
(0, -2)
(0, -1)
(52, 0)
(73, 0)
(60, 80)
(75, 80)
(0, -2)
(0, -1)
(54, 80)
(64, 360)
(0, -2)
(0, -1)
(80, 80)
(59, 1440)
(0, -2)
(0, -1)
(75, 80)
(67, 120)
(0, -2)
(0, -1)
(73, 120)
(65, 40)
(0, -2)
(0, -1)
(39, 23)
(67, 0)
(37, 184)
(40, 0)
(70, 288)
(75, 60)
(75, 60)
(68, 120)
(73, 480)
(75, 60)
(68, 120)
(61, 432)
(73, 240)
(61, 480)
(57, 240)
(68, 60)
(64, 240)
(59, 130)
(0, -1)
(71, 120)
(68, 120)
(68, 480)
(0, -2)
(0, -1)
(71, 120)
(68, 120)
(63, 960)
(0, -2)
(0, -1)
(71, 120)
(84, 40)
(63, 120)
(0, -2)
(0, -1)
(68, 120)
(67, 120)
(58, 120)
(0, -2)
(0, -1)
(71, 120)
(68, 120)
(68, 120)
(0, -2)
(0, -1)
(71, 120)
(68, 120)
(68, 720)
(0, -2)
(0, -1)
(71, 120)
(66, 120)
(72, 80)
(0, -2)
(0, -1)
(68, 0)
(82, 109)
(64, 480)
(0, -2)
(0, -1)
(55, 80)
(69, 40)
(0, -2)
(0, -1)
(53, 0)
(71, 120)
(73, 120)
(80, 40)
(56, 120)
(73, 120)
(0, -1)
(75, 0)
(66, 480)
(67, 40)
(0, -2)
(0, -1)
(39, 0)
(60, 0)
(44, 30)
(68, 80)
(0, -2)
(0, -1)
(44, 0)
(51, 0)
(73, 0)
(56, 80)
(79, 160)
(0, -2)
(0, -1)
(51, 0)
(75, 0)
(44, 40)
(80, 400)
(0, -2)
(0, -1)
(51, 0)
(68, 0)
(55, 0)
(70, 0)
(51, 0)
(72, 0)
(56, 40)
(72, 40)
(84, 80)
(0, -1)
(51, 0)
(68, 0)
(55, 80)
(68, 40)
(0, -2)
(0, -1)
(51, 0)
(67, 40)
(44, 24)
(81, 245)
(0, -2)
(0, -1)
(51, 40)
(73, 40)
(51, 80)
(56, 180)
(0, -2)
(0, -1)
(75, 0)
(68, 240)
(75, 0)
(80, 40)
(0, -2)
(0, -1)
(43, 0)
(72, 56)
(56, 395)
(64, 1440)
(49, 184)
(59, 130)
(80, 400)
(61, 140)
(75, 240)
(48, 40)
(44, 24)
(73, 120)
(0, -2)
(0, -1)
(55, 0)
(73, 0)
(51, 0)
(72, 0)
(44, 0)
(60, 0)
(72, 0)
(56, 0)
(68, 0)
(51, 0)
(44, 24)
(56, 80)
(76, 289)
(0, -2)
(0, -1)
(51, 0)
(68, 0)
(55, 0)
(76, 0)
(57, 0)
(53, 80)
(72, 80)
(64, 240)
(72, 40)
(84, 80)
(37, 34)
(61, 120)
(78, 240)
(60, 240)
(0, -1)
(73, 120)
(71, 120)
(0, -2)
(70, 288)
(65, 60)
(0, -1)
(51, 1440)
(57, 480)
(66, 240)
(0, -2)
(64, 240)
(71, 360)
(70, 240)
(0, -1)
(71, 120)
(67, 120)
(0, -2)
(0, -1)
(39, 0)
(68, 240)
(49, 80)
(0, -2)
(0, -1)
(56, 80)
(80, 240)
(0, -2)
(0, -1)
(51, 80)
(70, 80)
(0, -2)
(0, -1)
(55, 80)
(73, 80)
(0, -2)
(0, -1)
(66, 180)
(72, 80)
(0, -2)
(0, -1)
(61, 80)
(63, 80)
(0, -2)
(0, -1)
(51, 0)
(72, 0)
(44, 41)
(65, 80)
(0, -2)
(0, -1)
(75, 80)
(72, 80)
(0, -2)
(0, -1)
(56, 40)
(65, 40)
(0, -2)
(0, -1)
(56, 80)
(68, 80)
(0, -2)
(52, 240)
(53, 40)
(0, -1)
(71, 120)
(75, 480)
(0, -2)
(0, -1)
(44, 45)
(60, 240)
(0, -2)
(0, -1)
(65, 480)
(71, 120)
(53, 120)
(58, 240)
(61, 120)
(68, 240)
(61, 180)
(37, 28)
(0, -1)
(48, 0)
(57, 480)
(70, 16)
(0, -2)
(0, -1)
(68, 0)
(66, 120)
(44, 48)
(57, 240)
(0, -2)
(0, -1)
(51, 0)
(68, 0)
(56, 0)
(72, 0)
(53, 0)
(63, 0)
(39, 16)
(40, 85)
(48, 80)
(0, -2)
(0, -1)
(77, 120)
(80, 40)
(0, -2)
(62, 20)
(54, 0)
(73, 0)
(0, -1)
(39, 0)
(73, 0)
(44, 45)
(75, 40)
(77, 80)
(0, -2)
(0, -1)
(78, 240)
(51, 40)
(0, -2)
(0, -1)
(68, 0)
(63, 0)
(72, 0)
(75, 0)
(41, 0)
(63, 40)
(0, -2)
(0, -1)
(63, 80)
(69, 80)
(0, -2)
(0, -1)
(80, 80)
(72, 80)
(0, -2)
(0, -1)
(75, 0)
(51, 0)
(74, 0)
(56, 80)
(0, -2)
(0, -1)
(56, 0)
(60, 80)
(63, 80)
(0, -2)
(0, -1)
(56, 40)
(57, 40)
(0, -2)
(0, -1)
(63, 0)
(82, 109)
(61, 80)
(0, -2)
(0, -1)
(80, 40)
(79, 200)
(0, -2)
(0, -1)
(57, 40)
(72, 120)
(0, -2)
(0, -1)
(51, 0)
(72, 0)
(46, 41)
(75, 40)
(0, -2)
(0, -1)
(51, 0)
(74, 0)
(79, 0)
(87, 40)
(0, -2)
(65, 80)
(55, 40)
(73, 80)
(0, -1)
(66, 120)
(43, 49)
(0, -2)
(56, 240)
(52, 0)
(73, 80)
(62, 0)
(0, -1)
(80, 240)
(63, 80)
(0, -2)
(0, -1)
(57, 0)
(51, 40)
(72, 80)
(0, -2)
(0, -1)
(39, 0)
(69, 0)
(60, 80)
(82, 184)
(0, -2)
(0, -1)
(63, 0)
(70, 0)
(39, 49)
(68, 80)
(0, -2)
(67, 80)
(44, 80)
(0, -1)
(78, 240)
(63, 40)
(0, -2)
(0, -1)
(52, 80)
(73, 80)
(0, -2)
(0, -1)
(52, 80)
(65, 80)
(0, -2)
(0, -1)
(72, 0)
(73, 0)
(60, 80)
(84, 0)
(0, -2)
(0, -1)
(51, 80)
(72, 80)
(0, -2)
(0, -1)
(43, 80)
(64, 360)
(0, -2)
(0, -1)
(58, 0)
(75, 405)
(75, 0)
(84, 0)
(79, 240)
(56, 80)
(72, 80)
(72, 80)
(57, 0)
(0, -1)
(53, 0)
(68, 0)
(47, 34)
(75, 200)
(77, 160)
(69, 240)
(85, 240)
(73, 120)
(64, 0)
(73, 240)
(68, 60)
(72, 120)
(73, 120)
(58, 150)
(64, 180)
(75, 60)