iteration: 289000, loss: 2.261014
----
(68, 0)
(76, 0)
(61, 0)
(65, 0)
(70, 0)
(51, 0)
(73, 0)
(56, 0)
(70, 0)
(63, 0)
(57, 40)
(56, 80)
(68, 80)
(0, -2)
(0, -1)
(56, 40)
(73, 40)
(0, -2)
(0, -1)
(43, 81)
(67, 20)
(0, -2)
(0, -1)
(43, 0)
(76, 0)
(62, 40)
(63, 1020)
(0, -2)
(0, -1)
(39, 0)
(68, 0)
(56, 0)
(71, 0)
(75, 40)
(61, 432)
(0, -2)
(0, -1)
(80, 0)
(80, 80)
(48, 80)
(0, -2)
(0, -1)
(55, 80)
(70, 80)
(0, -2)
(0, -1)
(63, 40)
(67, 80)
(0, -2)
(0, -1)
(52, 0)
(72, 0)
(66, 120)
(68, 1200)
(0, -2)
(0, -1)
(53, 0)
(70, 0)
(53, 0)
(75, 80)
(56, 0)
(67, 0)
(51, 0)
(72, 0)
(65, 0)
(68, 0)
(66, 180)
(48, 80)
(67, 120)
(0, -2)
(0, -1)
(56, 80)
(75, 80)
(0, -2)
(0, -1)
(51, 0)
(76, 0)
(53, 40)
(80, 245)
(0, -2)
(0, -1)
(75, 0)
(80, 0)
(61, 0)
(57, 240)
(57, 40)
(0, -2)
(0, -1)
(39, 0)
(80, 0)
(76, 0)
(84, 0)
(46, 38)
(70, 80)
(67, 40)
(0, -2)
(0, -1)
(51, 0)
(73, 0)
(44, 0)
(51, 0)
(71, 0)
(79, 240)
(72, 80)
(70, 80)
(0, -2)
(0, -1)
(48, 40)
(80, 240)
(0, -2)
(0, -1)
(56, 0)
(60, 40)
(50, 0)
(84, 0)
(76, 80)
(51, 0)
(70, 0)
(56, 0)
(72, 0)
(62, 0)
(65, 0)
(43, 80)
(72, 40)
(82, 41)
(59, 130)
(60, 120)
(0, -1)
(75, 240)
(63, 120)
(0, -2)
(0, -1)
(53, 40)
(80, 240)
(56, 240)
(0, -2)
(0, -1)
(71, 120)
(66, 120)
(60, 180)
(0, -2)
(0, -1)
(66, 240)
(67, 120)
(63, 960)
(0, -2)
(0, -1)
(61, 2880)
(61, 120)
(61, 120)
(0, -2)
(0, -1)
(49, 240)
(70, 120)
(0, -2)
(54, 240)
(0, -1)
(68, 0)
(39, 38)
(36, 20)
(0, -2)
(0, -1)
(55, 80)
(67, 80)
(0, -2)
(0, -1)
(51, 80)
(65, 80)
(0, -2)
(0, -1)
(55, 80)
(70, 80)
(0, -2)
(0, -1)
(61, 80)
(63, 80)
(0, -2)
(0, -1)
(74, 240)
(77, 0)
(0, -2)
(0, -1)
(56, 0)
(77, 0)
(63, 0)
(79, 440)
(61, 0)
(75, 60)
(58, 80)
(70, 120)
(0, -2)
(0, -1)
(51, 80)
(68, 80)
(0, -2)
(0, -1)
(55, 0)
(77, 0)
(48, 80)
(53, 0)
(0, -2)
(0, -1)
(55, 0)
(72, 0)
(72, 0)
(75, 234)
(48, 0)
(71, 40)
(43, 85)
(0, -2)
(72, 80)
(0, -1)
(75, 80)
(71, 80)
(0, -2)
(0, -1)
(68, 360)
(65, 0)
(49, 204)
(64, 1440)
(0, -2)
(65, 80)
(57, 80)
(0, -1)
(43, 0)
(75, 405)
(63, 80)
(0, -2)
(83, 80)
(55, 0)
(0, -1)
(58, 0)
(53, 0)
(32, 80)
(63, 120)
(0, -2)
(0, -1)
(48, 40)
(80, 240)
(0, -2)
(0, -1)
(58, 0)
(77, 0)
(61, 80)
(92, 80)
(0, -2)
(0, -1)
(51, 0)
(60, 40)
(49, 80)
(92, 80)
(0, -2)
(0, -1)
(51, 80)
(63, 80)
(0, -2)
(0, -1)
(44, 0)
(51, 0)
(68, 0)
(56, 0)
(72, 0)
(60, 80)
(63, 80)
(77, 80)
(0, -2)
(0, -1)
(56, 80)
(68, 80)
(0, -2)
(0, -1)
(51, 0)
(72, 0)
(44, 40)
(75, 281)
(0, -2)
(0, -1)
(51, 0)
(68, 0)
(56, 40)
(48, 40)
(0, -2)
(0, -1)
(60, 80)
(68, 80)
(0, -2)
(0, -1)
(46, 40)
(82, 41)
(0, -2)
(0, -1)
(56, 40)
(73, 40)
(0, -2)
(0, -1)
(51, 40)
(73, 40)
(0, -2)
(0, -1)
(77, 38)
(72, 80)
(0, -2)
(0, -1)
(56, 40)
(68, 40)
(0, -2)
(0, -1)
(63, 0)
(87, 0)
(61, 0)
(84, 0)
(57, 0)
(52, 0)
(70, 0)
(52, 0)
(73, 0)
(62, 0)
(76, 0)
(61, 0)
(55, 40)
(65, 360)
(0, -1)
(68, 0)
(60, 80)
(72, 40)
(0, -2)
(66, 0)
(51, 80)
(72, 80)
(0, -1)
(64, 175)
(48, 40)
(0, -2)
(54, 68)
(58, 0)
(72, 0)
(60, 0)
(72, 40)
(57, 140)
(68, 120)
(0, -2)
(0, -1)
(51, 0)
(72, 0)
(44, 0)
(51, 0)
(72, 0)
(56, 0)
(68, 0)
(51, 0)
(72, 0)
(55, 0)
(51, 80)
(63, 420)
(0, -2)
(0, -1)
(56, 40)
(73, 40)
(0, -2)
(0, -1)
(63, 0)
(69, 0)
(44, 0)
(60, 0)
(63, 0)
(63, 0)
(67, 0)
(72, 0)
(60, 0)
(76, 0)
(56, 80)
(68, 80)
(67, 80)
(0, -2)
(0, -1)
(51, 0)
(63, 0)
(44, 0)
(41, 74)
(67, 80)
(58, 180)
(0, -2)
(0, -1)
(56, 0)
(72, 0)
(58, 0)
(80, 0)
(64, 0)
(84, 80)
(72, 80)
(73, 120)
(0, -2)
(0, -1)
(71, 120)
(75, 405)
(0, -2)
(0, -1)
(71, 120)
(67, 120)
(0, -2)
(0, -1)
(71, 120)
(64, 120)
(0, -2)
(0, -1)
(58, 80)
(70, 120)
(0, -2)
(0, -1)
(68, 120)
(66, 120)
(0, -2)
(0, -1)
(68, 240)
(63, 240)
(0, -2)
(0, -1)
(71, 120)
(64, 120)
(0, -2)
(0, -1)
(71, 120)
(67, 120)
(0, -2)
(0, -1)
(71, 120)
(67, 120)
(0, -2)
(0, -1)
(63, 40)
(80, 240)
(0, -2)
(0, -1)
(49, 48)
(64, 120)
(0, -2)
(0, -1)
(68, 80)
(48, 80)
(0, -2)
(0, -1)
(51, 80)
(75, 240)
(0, -2)
(0, -1)
(51, 0)
(72, 0)
(44, 0)
(51, 0)
(72, 0)
(92, 80)
(75, 80)
(0, -2)
(0, -1)
(63, 240)
(65, 80)
(0, -2)
(0, -1)
(71, 120)
(67, 80)
(0, -2)
(56, 240)
(85, 80)
(0, -1)
(73, 120)
(74, 480)
(39, 38)
(0, -2)
(0, -1)
(70, 16)
(64, 240)
(0, -2)
(0, -1)
(65, 120)
(70, 120)
(0, -2)
(0, -1)
(49, 240)
(67, 120)
(0, -2)
(0, -1)
(49, 120)
(72, 60)
(0, -2)
(0, -1)
(75, 120)
(59, 130)
(0, -2)
(0, -1)
(68, 120)
(80, 0)
(48, 34)
(72, 80)
(49, 162)
(66, 240)
(73, 960)
(48, 49)
(58, 240)
(64, 120)
(85, 80)
(0, -1)
(68, 120)
(63, 120)
(0, -2)
(68, 720)
(62, 480)
(57, 40)
(58, 120)
(37, 120)
(51, 49)
(61, 120)
(80, 200)
(59, 130)
(59, 120)
(47, 0)
(68, 120)
(68, 60)
(64, 240)
(66, 240)
(61, 60)
(56, 140)
(55, 140)
(54, 240)
(37, 7)
(80, 240)
(71, 120)
(65, 480)
(65, 180)
(54, 184)
(54, 120)
(59, 120)
(56, 180)
(71, 180)
(100, 240)
(74, 240)
(77, 120)
(85, 80)
(64, 480)
(58, 130)
(73, 150)
(77, 160)
(66, 240)
(64, 480)
(63, 60)
(66, 240)
(59, 120)
(63, 180)
(70, 360)
(65, 180)
(61, 432)
(63, 180)
(58, 120)
(56, 180)
(54, 40)
(58, 180)
(59, 240)
(57, 150)
(61, 120)
(64, 120)
(63, 180)
(65, 480)
(61, 432)
(58, 150)
(64, 240)
(56, 180)
(68, 60)
(81, 245)
(59, 120)
(59, 240)
(54, 120)
(65, 720)
(63, 180)
(68, 60)
(64, 240)
(67, 120)
(63, 120)
(68, 120)
(69, 120)
(68, 120)
(61, 140)
(63, 240)
(52, 240)
(61, 120)
(63, 720)
(62, 120)
(78, 80)
(68, 60)
(63, 720)
(73, 150)
(61, 432)
(63, 180)
(75, 120)
(56, 180)
(59, 120)
(61, 120)
(57, 150)
(73, 960)
(61, 432)
(71, 180)
(64, 120)
(64, 120)
(64, 120)
(0, -2)
(0, -1)
(59, 240)
(70, 120)
(64, 480)
(0, -2)
(0, -1)
(71, 120)
(66, 120)
(64, 1440)
(0, -2)
(0, -1)
(71, 120)
(64, 120)
(63, 480)
(0, -2)
(0, -1)
(71, 120)
(75, 40)
(0, -2)
(0, -1)
(71, 120)
(67, 120)
(0, -2)
(0, -1)
(69, 120)
(65, 120)
(0, -2)
(0, -1)
(71, 120)
(67, 120)
(0, -2)
(0, -1)
(71, 120)
(80, 480)
(0, -2)
(0, -1)
(71, 120)
(72, 120)
(0, -2)
(0, -1)
(71, 120)
(67, 120)
(0, -2)
(0, -1)
(71, 120)
(66, 120)
(0, -2)
(73, 240)
(50, 40)
(75, 80)
(0, -1)
(56, 40)
(59, 120)
(0, -2)
(0, -1)
(66, 240)
(66, 120)
(49, 7)
(66, 960)
(0, -2)
(0, -1)
(54, 0)
(78, 0)
(49, 80)
(66, 0)
(0, -2)
(0, -1)
(65, 0)
(71, 120)
(65, 480)
(0, -2)
(0, -1)
(51, 40)
(73, 40)
(0, -2)
(0, -1)
(51, 80)
(60, 80)
(0, -2)
(0, -1)
(69, 360)
(80, 213)
(0, -2)
(0, -1)
(56, 0)
(68, 0)
(51, 0)
(61, 0)
(51, 23)
(72, 108)
(40, 20)
(74, 120)
(68, 1200)
(77, 40)
(56, 180)
(0, -2)
(0, -1)
(56, 80)
(68, 80)
(0, -2)
(0, -1)
(51, 0)
(72, 0)
(32, 80)
(75, 40)
(0, -2)
(0, -1)
(51, 0)
(77, 0)
(56, 0)
(71, 0)
(60, 80)
(77, 80)
(0, -2)
(0, -1)
(60, 0)
(73, 0)
(55, 0)
(77, 0)
(61, 0)
(56, 0)
(67, 0)
(60, 0)
(65, 0)
(56, 0)
(75, 0)
(39, 0)
(63, 40)
(68, 960)
(77, 240)
(69, 80)
(57, 0)
(62, 480)
(0, -1)
(73, 120)
(61, 120)
(0, -2)
(0, -1)
(65, 120)
(66, 120)
(0, -2)
(0, -1)
(41, 89)
(71, 120)
(0, -2)
(0, -1)
(69, 120)
(32, 0)
(58, 120)
(61, 120)
(64, 120)
(0, -2)
(0, -1)
(71, 120)
(68, 120)
(61, 180)
(80, 120)
(68, 120)
(0, -2)
(0, -1)
(71, 120)
(68, 120)
(0, -2)
(0, -1)
(71, 120)
(64, 120)
(0, -2)
(0, -1)
(68, 0)
(71, 120)
(68, 120)
(0, -2)
(0, -1)
(71, 120)
(68, 120)
(0, -2)
(72, 40)
(0, -1)
(60, 0)
(67, 40)
(65, 80)
(0, -2)
(0, -1)
(60, 0)
(63, 0)
(51, 23)
(75, 240)
(0, -2)
(0, -1)
(68, 80)
(63, 40)
(0, -2)
(0, -1)
(80, 80)
(56, 480)
(0, -2)
(0, -1)