iteration: 311000, loss: 2.971278
----
(49, 120)
(68, 240)
(0, -2)
(61, 432)
(80, 240)
(53, 120)
(62, 480)
(59, 40)
(65, 80)
(0, -1)
(60, 40)
(76, 80)
(0, -2)
(0, -1)
(65, 120)
(68, 240)
(0, -2)
(0, -1)
(49, 120)
(67, 120)
(0, -2)
(0, -1)
(49, 160)
(66, 120)
(0, -2)
(0, -1)
(54, 240)
(62, 40)
(0, -2)
(0, -1)
(54, 480)
(80, 240)
(0, -2)
(0, -1)
(57, 0)
(37, 540)
(61, 120)
(0, -2)
(0, -1)
(63, 40)
(64, 240)
(0, -2)
(0, -1)
(62, 80)
(60, 40)
(0, -2)
(0, -1)
(51, 0)
(72, 0)
(56, 0)
(70, 0)
(75, 0)
(80, 0)
(56, 0)
(54, 0)
(58, 0)
(46, 0)
(48, 0)
(58, 0)
(80, 0)
(51, 0)
(72, 0)
(39, 80)
(73, 278)
(72, 200)
(78, 255)
(0, -2)
(0, -1)
(52, 0)
(73, 0)
(44, 41)
(41, 0)
(0, -2)
(0, -1)
(68, 0)
(80, 0)
(63, 0)
(71, 0)
(61, 480)
(59, 130)
(0, -2)
(0, -1)
(56, 80)
(68, 80)
(0, -2)
(0, -1)
(51, 0)
(73, 0)
(55, 0)
(75, 0)
(60, 0)
(63, 40)
(39, 10)
(82, 109)
(77, 289)
(0, -1)
(65, 960)
(48, 80)
(77, 109)
(0, -2)
(0, -1)
(51, 40)
(67, 80)
(0, -2)
(0, -1)
(39, 0)
(80, 0)
(68, 0)
(74, 0)
(60, 80)
(72, 80)
(0, -2)
(51, 40)
(0, -1)
(75, 0)
(58, 80)
(57, 80)
(0, -2)
(64, 1440)
(0, -1)
(68, 0)
(80, 0)
(72, 0)
(72, 0)
(63, 40)
(56, 120)
(0, -2)
(0, -1)
(43, 0)
(60, 240)
(62, 80)
(79, 160)
(0, -2)
(0, -1)
(43, 80)
(73, 80)
(0, -2)
(0, -1)
(48, 0)
(77, 0)
(65, 20)
(68, 40)
(0, -2)
(0, -1)
(74, 0)
(87, 0)
(0, -2)
(72, 40)
(0, -1)
(65, 0)
(74, 0)
(72, 0)
(57, 0)
(60, 0)
(63, 0)
(55, 0)
(68, 0)
(53, 0)
(72, 0)
(39, 0)
(51, 0)
(72, 0)
(54, 80)
(68, 0)
(67, 0)
(50, 0)
(84, 0)
(72, 40)
(75, 40)
(72, 80)
(53, 40)
(68, 360)
(0, -1)
(62, 175)
(72, 480)
(0, -2)
(0, -1)
(65, 120)
(71, 120)
(0, -2)
(0, -1)
(49, 240)
(67, 960)
(59, 120)
(0, -2)
(55, 40)
(48, 120)
(54, 120)
(0, -1)
(49, 120)
(54, 480)
(0, -2)
(56, 240)
(0, -1)
(57, 150)
(53, 120)
(0, -2)
(0, -1)
(49, 120)
(66, 240)
(0, -2)
(0, -1)
(49, 120)
(64, 120)
(0, -2)
(0, -1)
(65, 480)
(62, 240)
(0, -2)
(0, -1)
(49, 120)
(44, 162)
(0, -2)
(0, -1)
(49, 120)
(61, 480)
(0, -2)
(0, -1)
(49, 120)
(44, 198)
(0, -2)
(0, -1)
(49, 120)
(54, 120)
(0, -2)
(0, -1)
(49, 240)
(53, 240)
(0, -2)
(61, 240)
(0, -1)
(72, 0)
(62, 40)
(44, 40)
(0, -2)
(0, -1)
(44, 0)
(73, 0)
(53, 0)
(56, 80)
(70, 80)
(73, 240)
(0, -2)
(0, -1)
(41, 0)
(80, 240)
(0, -2)
(0, -1)
(75, 80)
(64, 120)
(0, -2)
(0, -1)
(63, 40)
(72, 40)
(0, -2)
(0, -1)
(44, 0)
(70, 0)
(61, 80)
(63, 80)
(0, -2)
(0, -1)
(44, 0)
(41, 0)
(51, 0)
(75, 0)
(84, 0)
(68, 0)
(72, 0)
(75, 0)
(71, 0)
(58, 80)
(65, 80)
(64, 0)
(0, -1)
(73, 960)
(63, 80)
(77, 80)
(0, -2)
(0, -1)
(55, 80)
(53, 78)
(0, -2)
(0, -1)
(51, 0)
(72, 0)
(44, 41)
(77, 80)
(0, -2)
(0, -1)
(51, 0)
(68, 0)
(32, 80)
(67, 80)
(0, -2)
(0, -1)
(51, 0)
(72, 0)
(44, 0)
(51, 0)
(73, 0)
(63, 40)
(62, 480)
(77, 80)
(0, -1)
(60, 0)
(59, 120)
(45, 37)
(0, -2)
(0, -1)
(68, 1440)
(69, 80)
(0, -2)
(0, -1)
(72, 78)
(73, 40)
(0, -2)
(0, -1)
(51, 80)
(81, 80)
(0, -2)
(0, -1)
(51, 40)
(72, 40)
(0, -2)
(0, -1)
(56, 0)
(68, 0)
(60, 80)
(70, 80)
(0, -2)
(0, -1)
(56, 80)
(68, 80)
(0, -2)
(0, -1)
(51, 80)
(72, 80)
(0, -2)
(0, -1)
(56, 0)
(77, 0)
(61, 80)
(68, 80)
(0, -2)
(0, -1)
(56, 80)
(68, 80)
(0, -2)
(0, -1)
(51, 0)
(72, 0)
(56, 0)
(72, 0)
(39, 0)
(63, 0)
(44, 0)
(69, 0)
(51, 0)
(68, 0)
(56, 0)
(72, 0)
(60, 0)
(63, 0)
(56, 0)
(68, 0)
(51, 0)
(72, 0)
(55, 40)
(76, 37)
(0, -2)
(0, -1)
(60, 80)
(60, 80)
(0, -2)
(0, -1)
(39, 0)
(63, 0)
(72, 0)
(72, 0)
(60, 0)
(63, 0)
(56, 0)
(74, 0)
(63, 0)
(40, 40)
(70, 80)
(54, 80)
(0, -2)
(0, -1)
(80, 0)
(75, 40)
(85, 80)
(0, -2)
(51, 40)
(0, -1)
(73, 0)
(77, 109)
(61, 80)
(0, -2)
(0, -1)
(55, 80)
(68, 80)
(0, -2)
(0, -1)
(52, 0)
(72, 0)
(44, 80)
(63, 40)
(0, -2)
(0, -1)
(58, 80)
(70, 80)
(0, -2)
(0, -1)
(44, 80)
(63, 40)
(0, -2)
(0, -1)
(53, 0)
(60, 40)
(77, 109)
(0, -2)
(0, -1)
(55, 80)
(72, 80)
(0, -2)
(0, -1)
(51, 0)
(72, 0)
(39, 80)
(68, 40)
(0, -2)
(0, -1)
(78, 0)
(80, 0)
(56, 0)
(72, 0)
(51, 0)
(58, 0)
(56, 0)
(68, 0)
(51, 0)
(72, 0)
(64, 0)
(52, 80)
(68, 0)
(56, 0)
(72, 0)
(51, 0)
(72, 0)
(55, 0)
(68, 0)
(53, 0)
(58, 0)
(60, 0)
(53, 0)
(65, 0)
(56, 0)
(68, 0)
(53, 0)
(68, 0)
(55, 0)
(68, 0)
(46, 0)
(71, 0)
(52, 240)
(82, 41)
(0, -2)
(0, -1)
(56, 40)
(67, 80)
(0, -2)
(0, -1)
(48, 80)
(75, 40)
(0, -2)
(0, -1)
(39, 0)
(87, 0)
(48, 34)
(71, 120)
(0, -2)
(0, -1)
(63, 0)
(73, 0)
(48, 40)
(67, 0)
(0, -2)
(0, -1)
(44, 80)
(68, 80)
(0, -2)
(0, -1)
(80, 0)
(73, 0)
(44, 40)
(79, 240)
(0, -2)
(0, -1)
(75, 120)
(71, 120)
(0, -2)
(0, -1)
(51, 0)
(72, 0)
(46, 38)
(85, 240)
(0, -2)
(0, -1)
(51, 80)
(70, 80)
(0, -2)
(0, -1)
(56, 40)
(72, 40)
(0, -2)
(0, -1)
(60, 80)
(63, 80)
(0, -2)
(0, -1)
(55, 40)
(72, 340)
(0, -2)
(0, -1)
(67, 40)
(73, 40)
(0, -2)
(0, -1)
(44, 80)
(63, 40)
(0, -2)
(0, -1)
(71, 120)
(44, 240)
(61, 120)
(53, 120)
(49, 184)
(66, 240)
(73, 150)
(61, 480)
(68, 120)
(56, 180)
(56, 180)
(68, 60)
(66, 150)
(69, 120)
(51, 240)
(63, 130)
(75, 480)
(75, 60)
(89, 289)
(74, 240)
(61, 60)
(59, 120)
(64, 180)
(63, 60)
(88, 240)
(71, 40)
(78, 40)
(68, 60)
(59, 130)
(68, 60)
(68, 1440)
(59, 120)
(64, 120)
(58, 240)
(57, 240)
(65, 480)
(68, 240)
(74, 120)
(65, 20)
(69, 120)
(71, 240)
(61, 120)
(80, 120)
(64, 120)
(61, 140)
(61, 432)
(66, 240)
(70, 120)
(64, 480)
(63, 130)
(61, 120)
(64, 180)
(44, 1440)
(66, 240)
(61, 480)
(85, 80)
(61, 60)
(0, -1)
(71, 120)
(54, 184)
(0, -2)
(0, -1)
(68, 120)
(66, 120)
(61, 80)
(0, -2)
(0, -1)
(71, 240)
(64, 240)
(54, 120)
(66, 180)
(61, 120)
(64, 120)
(56, 120)
(58, 240)
(59, 130)
(66, 1440)
(64, 480)
(71, 1440)
(62, 120)
(51, 0)
(72, 0)
(0, -1)
(73, 0)
(57, 0)
(76, 0)
(56, 120)
(72, 108)
(0, -2)
(0, -1)
(58, 80)
(72, 80)
(0, -2)
(0, -1)
(60, 80)
(63, 80)
(0, -2)
(0, -1)
(55, 80)
(70, 80)
(0, -2)
(0, -1)
(51, 0)
(67, 40)
(48, 40)
(64, 120)
(0, -2)
(0, -1)
(51, 40)
(71, 0)
(62, 0)
(92, 80)
(53, 0)
(80, 38)
(44, 189)
(53, 80)
(72, 78)
(0, -2)
(0, -1)
(65, 0)
(68, 0)
(56, 0)
(71, 0)
(82, 184)
(64, 80)
(75, 240)
(65, 180)
(71, 1440)
(63, 180)
(65, 20)
(60, 120)
(59, 120)
(64, 240)
(60, 40)
(59, 130)
(73, 289)
(56, 140)
(69, 120)
(70, 60)
(63, 480)
(56, 0)
(72, 0)
(46, 20)
(41, 74)
(0, -2)
(72, 240)
(56, 0)
(68, 0)
(52, 40)
(63, 80)
(64, 0)
(0, -2)
(0, -1)
(54, 80)
(81, 0)
(69, 80)
(37, 7)
(0, -2)
(0, -1)
(57, 80)
(67, 80)
(0, -2)
(0, -1)
(71, 180)
(75, 405)
(0, -2)
(0, -1)
(44, 0)
(67, 40)
(60, 80)
(92, 80)
(0, -2)
(0, -1)
(55, 0)
(72, 0)
(60, 0)
(63, 0)
(56, 40)
(68, 40)
(0, -2)
(0, -1)
(61, 80)
(72, 80)
(0, -2)
(0, -1)
(61, 80)
(63, 80)
(0, -2)
(0, -1)
(55, 80)
(70, 80)
(0, -2)
(0, -1)
(51, 40)
(68, 40)
(0, -2)
(0, -1)
(44, 0)
(60, 0)
(48, 80)
(82, 289)
(0, -2)
(0, -1)
(57, 0)
(65, 0)
(39, 85)
(76, 38)
(0, -2)
(0, -1)
(69, 0)
(46, 0)
(53, 0)
(39, 16)
(73, 180)
(80, 0)
(48, 23)
(72, 80)
(80, 40)
(0, -2)
(0, -1)
(80, 0)
(87, 0)
(79, 280)
(80, 400)
(0, -2)
(0, -1)
(39, 80)
(71, 120)
(0, -2)
(0, -1)
(67, 40)
(76, 80)
(0, -2)
(0, -1)
(53, 80)
(72, 80)
(0, -2)
(0, -1)
(72, 0)
(60, 80)
(63, 80)
(0, -2)
(0, -1)
(55, 80)
(60, 80)
(0, -2)
(0, -1)
(62, 80)
(80, 438)
(0, -2)
(0, -1)
(55, 0)
(77, 0)
(58, 240)
(76, 289)
(0, -2)
(0, -1)
(68, 80)
(75, 80)
(0, -2)
(0, -1)
(55, 0)
(59, 2880)
(61, 80)
(77, 80)
(0, -2)