iteration: 341500, loss: 3.565015
----
(79, 280)
(0, -2)
(0, -1)
(78, 120)
(71, 120)
(39, 85)
(0, -2)
(0, -1)
(71, 120)
(66, 120)
(58, 150)
(0, -2)
(0, -1)
(71, 120)
(66, 120)
(64, 480)
(0, -2)
(0, -1)
(71, 120)
(66, 120)
(77, 120)
(0, -2)
(0, -1)
(66, 240)
(71, 120)
(84, 80)
(0, -2)
(0, -1)
(57, 40)
(68, 120)
(0, -2)
(68, 360)
(0, -1)
(68, 0)
(56, 0)
(72, 0)
(60, 0)
(63, 0)
(56, 0)
(68, 0)
(80, 0)
(56, 0)
(80, 0)
(53, 0)
(70, 0)
(58, 0)
(51, 0)
(70, 0)
(80, 40)
(72, 80)
(0, -2)
(0, -1)
(51, 0)
(68, 0)
(55, 0)
(73, 0)
(61, 0)
(77, 40)
(77, 160)
(69, 120)
(92, 80)
(55, 40)
(57, 80)
(80, 240)
(61, 480)
(74, 120)
(72, 240)
(63, 180)
(40, 20)
(70, 720)
(59, 130)
(67, 20)
(59, 120)
(61, 60)
(51, 1200)
(68, 360)
(58, 150)
(68, 120)
(57, 150)
(72, 120)
(71, 120)
(65, 480)
(61, 60)
(64, 180)
(68, 60)
(64, 240)
(0, -1)
(61, 1440)
(37, 34)
(0, -2)
(0, -1)
(56, 579)
(58, 120)
(64, 120)
(0, -2)
(0, -1)
(59, 240)
(57, 480)
(66, 240)
(0, -2)
(0, -1)
(65, 720)
(66, 120)
(49, 240)
(0, -2)
(0, -1)
(71, 120)
(59, 2880)
(54, 480)
(0, -2)
(0, -1)
(78, 120)
(61, 240)
(65, 480)
(53, 120)
(0, -2)
(58, 150)
(59, 40)
(0, -1)
(54, 240)
(39, 38)
(59, 120)
(0, -2)
(0, -1)
(58, 240)
(69, 120)
(0, -2)
(53, 120)
(0, -1)
(73, 120)
(80, 80)
(0, -2)
(56, 180)
(80, 480)
(54, 120)
(56, 180)
(0, -1)
(64, 120)
(71, 1440)
(77, 240)
(0, -2)
(0, -1)
(72, 120)
(66, 120)
(56, 240)
(0, -2)
(72, 80)
(73, 150)
(68, 720)
(56, 80)
(44, 240)
(53, 240)
(51, 120)
(0, -1)
(73, 120)
(56, 120)
(0, -2)
(0, -1)
(65, 120)
(54, 120)
(0, -2)
(0, -1)
(72, 80)
(65, 720)
(0, -2)
(0, -1)
(66, 0)
(66, 120)
(0, -2)
(0, -1)
(59, 120)
(68, 60)
(0, -2)
(49, 64)
(54, 240)
(0, -1)
(49, 240)
(54, 480)
(59, 120)
(0, -2)
(53, 120)
(68, 120)
(75, 60)
(50, 120)
(80, 120)
(61, 120)
(82, 120)
(65, 720)
(0, -1)
(39, 0)
(63, 0)
(51, 80)
(64, 80)
(0, -2)
(65, 80)
(50, 40)
(0, -1)
(68, 0)
(51, 40)
(74, 40)
(0, -2)
(0, -1)
(48, 0)
(67, 0)
(58, 0)
(77, 0)
(61, 0)
(56, 0)
(68, 0)
(51, 0)
(72, 0)
(44, 0)
(51, 0)
(73, 0)
(56, 80)
(75, 80)
(0, -2)
(0, -1)
(51, 80)
(75, 80)
(0, -2)
(0, -1)
(57, 0)
(77, 0)
(48, 49)
(82, 41)
(0, -2)
(0, -1)
(68, 40)
(69, 80)
(0, -2)
(0, -1)
(56, 40)
(58, 80)
(0, -2)
(0, -1)
(65, 0)
(67, 0)
(58, 0)
(80, 0)
(72, 0)
(80, 0)
(58, 0)
(49, 0)
(63, 0)
(59, 664)
(47, 0)
(72, 80)
(65, 120)
(70, 320)
(92, 240)
(59, 130)
(49, 184)
(56, 140)
(63, 130)
(0, -1)
(65, 960)
(43, 32)
(0, -2)
(0, -1)
(63, 120)
(63, 120)
(0, -2)
(0, -1)
(63, 480)
(80, 240)
(0, -2)
(0, -1)
(66, 120)
(75, 240)
(0, -2)
(0, -1)
(56, 40)
(68, 40)
(0, -2)
(0, -1)
(49, 240)
(61, 120)
(84, 80)
(0, -2)
(0, -1)
(56, 80)
(69, 40)
(0, -2)
(0, -1)
(51, 40)
(73, 40)
(0, -2)
(0, -1)
(56, 0)
(72, 0)
(60, 80)
(63, 80)
(0, -2)
(0, -1)
(70, 120)
(69, 80)
(0, -2)
(0, -1)
(53, 0)
(64, 0)
(37, 49)
(70, 253)
(0, -2)
(0, -1)
(68, 80)
(72, 80)
(0, -2)
(0, -1)
(75, 0)
(77, 0)
(58, 0)
(80, 0)
(63, 0)
(72, 0)
(68, 0)
(68, 0)
(72, 0)
(61, 0)
(68, 0)
(56, 80)
(63, 120)
(77, 80)
(56, 180)
(72, 240)
(64, 240)
(73, 240)
(64, 240)
(66, 240)
(64, 240)
(58, 150)
(56, 180)
(60, 120)
(56, 180)
(70, 60)
(44, 60)
(57, 240)
(72, 240)
(0, -1)
(66, 1440)
(71, 120)
(0, -2)
(58, 240)
(0, -1)
(71, 120)
(55, 120)
(0, -2)
(48, 40)
(48, 40)
(61, 720)
(62, 180)
(39, 10)
(58, 150)
(76, 40)
(61, 60)
(72, 120)
(39, 10)
(64, 180)
(61, 432)
(80, 240)
(57, 150)
(62, 480)
(61, 120)
(80, 240)
(74, 120)
(44, 16)
(37, 34)
(61, 120)
(64, 240)
(73, 150)
(66, 120)
(63, 480)
(57, 150)
(69, 120)
(61, 60)
(58, 519)
(64, 480)
(40, 2880)
(64, 120)
(58, 130)
(63, 240)
(63, 60)
(60, 40)
(0, -1)
(56, 40)
(53, 1440)
(0, -2)
(0, -1)
(80, 240)
(66, 120)
(59, 120)
(0, -2)
(0, -1)
(71, 120)
(66, 120)
(84, 80)
(0, -2)
(0, -1)
(68, 0)
(80, 0)
(72, 0)
(84, 0)
(64, 360)
(76, 157)
(0, -2)
(0, -1)
(71, 120)
(75, 240)
(0, -2)
(70, 80)
(71, 120)
(0, -1)
(68, 0)
(39, 0)
(74, 0)
(61, 0)
(84, 0)
(85, 240)
(45, 37)
(85, 80)
(0, -2)
(0, -1)
(46, 40)
(81, 80)
(0, -2)
(0, -1)
(63, 80)
(72, 80)
(0, -2)
(0, -1)
(44, 80)
(73, 40)
(0, -2)
(0, -1)
(55, 40)
(63, 80)
(0, -2)
(0, -1)
(56, 0)
(68, 0)
(51, 0)
(68, 0)
(56, 0)
(72, 0)
(60, 0)
(61, 0)
(65, 0)
(77, 0)
(63, 40)
(65, 80)
(75, 80)
(0, -2)
(0, -1)
(51, 0)
(73, 0)
(44, 40)
(85, 240)
(59, 130)
(61, 120)
(44, 64)
(64, 130)
(0, -1)
(61, 120)
(81, 240)
(0, -2)
(0, -1)
(44, 80)
(66, 240)
(0, -2)
(0, -1)
(52, 0)
(70, 120)
(65, 80)
(73, 120)
(0, -2)
(0, -1)
(52, 0)
(73, 0)
(70, 16)
(77, 0)
(0, -2)
(0, -1)
(53, 80)
(72, 80)
(0, -2)
(0, -1)
(55, 40)
(75, 405)
(0, -2)
(0, -1)
(55, 40)
(72, 80)
(0, -2)
(0, -1)
(56, 40)
(68, 40)
(0, -2)
(0, -1)
(56, 40)
(72, 40)
(0, -2)
(0, -1)
(56, 40)
(51, 80)
(0, -2)
(0, -1)
(39, 0)
(43, 120)
(66, 1200)
(74, 0)
(0, -2)
(0, -1)
(43, 0)
(68, 0)
(56, 40)
(51, 40)
(0, -2)
(0, -1)
(53, 80)
(70, 80)
(0, -2)
(0, -1)
(68, 40)
(72, 80)
(0, -2)
(0, -1)
(66, 120)
(73, 0)
(45, 0)
(75, 30)
(75, 0)
(56, 64)
(52, 0)
(32, 40)
(71, 240)
(67, 40)
(78, 120)
(65, 80)
(56, 120)
(61, 140)
(61, 40)
(61, 432)
(58, 150)
(64, 180)
(63, 180)
(68, 120)
(51, 240)
(59, 130)
(61, 120)
(73, 960)
(56, 2880)
(64, 180)
(65, 60)
(69, 120)
(70, 120)
(69, 120)
(58, 120)
(61, 432)
(59, 130)
(80, 120)
(61, 480)
(74, 240)
(72, 120)
(61, 120)
(68, 60)
(61, 480)
(67, 480)
(65, 120)
(78, 120)
(72, 480)
(64, 120)
(73, 120)
(80, 38)
(53, 480)
(63, 180)
(59, 120)
(65, 60)
(72, 120)
(54, 480)
(64, 240)
(67, 40)
(62, 120)
(65, 480)
(75, 120)
(61, 432)
(59, 120)
(55, 140)
(74, 120)
(64, 240)
(63, 180)
(61, 432)
(63, 180)
(66, 240)
(76, 289)
(56, 140)
(64, 240)
(92, 240)
(70, 120)
(62, 20)
(66, 150)
(67, 120)
(65, 120)
(70, 120)
(64, 240)
(79, 80)
(61, 120)
(64, 240)
(71, 240)
(67, 480)
(61, 120)
(61, 432)
(61, 480)
(63, 60)
(56, 140)
(59, 120)
(75, 120)
(0, -1)
(68, 0)
(71, 120)
(44, 34)
(0, -2)
(72, 40)
(0, -1)
(73, 0)
(61, 40)
(65, 80)
(0, -2)
(73, 240)
(0, -1)
(73, 0)
(61, 80)
(79, 143)
(0, -2)
(0, -1)
(46, 40)
(58, 80)
(0, -2)
(68, 360)
(65, 360)
(0, -1)
(59, 130)
(55, 120)
(58, 130)
(0, -2)
(0, -1)
(72, 120)
(80, 40)
(0, -2)
(0, -1)
(53, 0)
(69, 0)
(65, 20)
(75, 40)
(0, -2)
(0, -1)
(56, 0)
(73, 0)
(53, 0)
(80, 0)
(80, 80)
(68, 0)
(59, 130)
(72, 80)
(84, 80)
(0, -2)
(0, -1)
(51, 0)
(70, 0)
(55, 0)
(71, 0)
(61, 40)
(53, 0)
(59, 130)
(41, 0)
(55, 40)
(69, 40)
(0, -1)
(68, 0)
(80, 0)
(63, 0)
(62, 0)
(44, 0)
(61, 40)
(63, 40)
(0, -2)
(0, -1)
(55, 0)
(73, 0)
(61, 80)
(63, 80)
(0, -2)
(0, -1)
(56, 80)
(75, 80)
(0, -2)
(0, -1)
(51, 40)
(68, 40)
(0, -2)
(0, -1)
(72, 0)
(60, 80)
(63, 80)
(0, -2)
(73, 40)
(0, -1)
(72, 0)
(60, 80)
(63, 80)
(0, -2)
(0, -1)
(56, 80)
(72, 80)
(0, -2)
(0, -1)
(51, 0)
(73, 0)
(45, 49)
(89, 289)
(0, -2)
(0, -1)
(68, 0)
(80, 0)
(58, 0)
(65, 0)
(51, 80)
(72, 40)
(0, -2)
(0, -1)
(56, 40)
(72, 40)
(0, -2)
(0, -1)
(60, 0)
(77, 0)
(90, 200)
(56, 80)
(0, -2)
(0, -1)
(61, 0)
(76, 0)
(45, 37)
(54, 40)
(0, -2)
(0, -1)
(63, 0)
(51, 0)
(45, 37)
(68, 320)
(0, -2)
(0, -1)
(63, 240)
(60, 80)
(0, -2)
(0, -1)
(72, 0)
(87, 0)
(61, 80)
(0, -2)
(71, 0)
(0, -1)
(75, 0)
(73, 480)
(69, 40)
(0, -2)
(72, 40)
(75, 480)
(0, -1)
(58, 0)
(65, 80)
(58, 120)
(0, -2)
(61, 180)
(40, 480)
(0, -1)
(63, 480)
(84, 40)
(64, 480)
(0, -2)
(66, 150)
(53, 40)
(69, 80)
(0, -2)
(0, -1)
(58, 180)
(77, 80)
(0, -2)
(0, -1)
(53, 40)
(76, 157)
(0, -2)
(0, -1)
(57, 40)
(74, 0)
(0, -2)
(0, -1)
(51, 0)
(73, 0)
(44, 41)
(64, 720)