iteration: 408000, loss: 2.128544
----
(60, 0)
(63, 0)
(56, 0)
(72, 0)
(60, 0)
(39, 0)
(63, 0)
(68, 0)
(56, 0)
(71, 0)
(60, 0)
(76, 0)
(64, 0)
(70, 0)
(39, 0)
(48, 0)
(53, 80)
(50, 120)
(40, 40)
(0, -1)
(65, 120)
(68, 1440)
(0, -2)
(59, 120)
(68, 40)
(0, -1)
(68, 0)
(51, 0)
(75, 0)
(57, 480)
(43, 20)
(0, -2)
(72, 40)
(0, -1)
(75, 80)
(60, 80)
(60, 240)
(0, -2)
(0, -1)
(51, 80)
(68, 240)
(0, -2)
(0, -1)
(44, 80)
(74, 34)
(80, 40)
(0, -2)
(0, -1)
(51, 80)
(60, 120)
(51, 120)
(0, -2)
(0, -1)
(61, 80)
(68, 80)
(0, -2)
(44, 240)
(44, 240)
(0, -1)
(62, 0)
(78, 240)
(39, 34)
(0, -2)
(0, -1)
(75, 41)
(76, 0)
(43, 0)
(65, 240)
(70, 0)
(56, 0)
(71, 0)
(61, 0)
(65, 0)
(58, 0)
(68, 0)
(61, 0)
(77, 0)
(65, 0)
(84, 0)
(51, 40)
(78, 1440)
(72, 80)
(0, -1)
(80, 0)
(51, 0)
(72, 0)
(54, 184)
(76, 289)
(0, -2)
(0, -1)
(32, 0)
(73, 0)
(75, 200)
(92, 80)
(0, -2)
(72, 40)
(0, -1)
(75, 80)
(63, 240)
(0, -2)
(0, -1)
(75, 80)
(84, 80)
(0, -2)
(68, 40)
(0, -1)
(75, 80)
(62, 80)
(0, -2)
(53, 120)
(0, -1)
(68, 0)
(80, 0)
(75, 0)
(57, 240)
(0, -2)
(0, -1)
(69, 0)
(49, 80)
(0, -2)
(0, -1)
(44, 0)
(63, 0)
(48, 0)
(56, 80)
(68, 80)
(67, 40)
(0, -2)
(0, -1)
(51, 0)
(75, 0)
(61, 0)
(74, 0)
(61, 40)
(73, 180)
(0, -2)
(0, -1)
(43, 80)
(64, 120)
(0, -2)
(0, -1)
(58, 0)
(72, 0)
(53, 0)
(72, 200)
(0, -2)
(0, -1)
(44, 0)
(80, 0)
(56, 40)
(72, 40)
(0, -2)
(0, -1)
(46, 80)
(63, 80)
(0, -2)
(0, -1)
(47, 40)
(68, 40)
(0, -2)
(0, -1)
(55, 0)
(76, 0)
(44, 40)
(84, 289)
(0, -2)
(0, -1)
(56, 80)
(68, 80)
(0, -2)
(0, -1)
(63, 40)
(73, 40)
(0, -2)
(0, -1)
(52, 0)
(80, 213)
(65, 40)
(79, 80)
(0, -2)
(0, -1)
(44, 0)
(51, 0)
(68, 0)
(56, 0)
(72, 0)
(60, 0)
(45, 37)
(84, 80)
(68, 0)
(56, 0)
(72, 40)
(63, 40)
(84, 289)
(0, -2)
(0, -1)
(71, 120)
(64, 120)
(0, -2)
(70, 180)
(0, -1)
(80, 40)
(58, 40)
(0, -2)
(0, -1)
(53, 0)
(65, 0)
(56, 40)
(72, 40)
(0, -2)
(0, -1)
(55, 80)
(75, 40)
(0, -2)
(0, -1)
(54, 184)
(63, 40)
(0, -2)
(0, -1)
(55, 0)
(60, 0)
(59, 0)
(76, 40)
(57, 80)
(0, -2)
(0, -1)
(62, 80)
(72, 40)
(0, -2)
(0, -1)
(58, 0)
(84, 0)
(61, 0)
(80, 438)
(65, 20)
(67, 80)
(0, -2)
(0, -1)
(53, 0)
(68, 0)
(56, 0)
(71, 0)
(48, 49)
(65, 80)
(0, -2)
(0, -1)
(43, 80)
(67, 0)
(0, -2)
(0, -1)
(53, 80)
(73, 80)
(0, -2)
(0, -1)
(55, 0)
(73, 0)
(60, 80)
(61, 80)
(0, -2)
(0, -1)
(56, 80)
(73, 80)
(0, -2)
(0, -1)
(51, 0)
(72, 0)
(44, 16)
(64, 20)
(0, -2)
(51, 40)
(0, -1)
(75, 80)
(59, 120)
(0, -2)
(0, -1)
(61, 80)
(63, 80)
(0, -2)
(0, -1)
(56, 80)
(68, 80)
(0, -2)
(0, -1)
(72, 0)
(32, 0)
(45, 0)
(75, 41)
(0, -2)
(0, -1)
(51, 80)
(72, 80)
(0, -2)
(0, -1)
(60, 40)
(51, 40)
(0, -2)
(0, -1)
(78, 0)
(76, 0)
(54, 68)
(72, 40)
(0, -2)
(0, -1)
(46, 20)
(68, 0)
(72, 120)
(68, 80)
(75, 80)
(0, -2)
(0, -1)
(47, 40)
(63, 40)
(0, -2)
(0, -1)
(39, 0)
(60, 40)
(48, 80)
(0, -2)
(0, -2)
(0, -1)
(75, 80)
(71, 120)
(0, -2)
(0, -1)
(71, 120)
(65, 0)
(80, 80)
(80, 267)
(0, -2)
(0, -1)
(80, 80)
(51, 32)
(0, -2)
(0, -1)
(75, 160)
(75, 80)
(0, -2)
(0, -1)
(51, 40)
(72, 40)
(0, -2)
(0, -1)
(56, 0)
(72, 0)
(60, 80)
(63, 80)
(0, -2)
(0, -1)
(56, 80)
(68, 80)
(0, -2)
(0, -1)
(51, 80)
(72, 80)
(0, -2)
(0, -1)
(51, 80)
(70, 80)
(0, -2)
(0, -1)
(70, 150)
(73, 40)
(80, 350)
(37, 34)
(0, -2)
(72, 40)
(0, -1)
(75, 0)
(71, 120)
(64, 720)
(0, -2)
(0, -1)
(55, 0)
(73, 0)
(49, 80)
(56, 140)
(0, -2)
(0, -1)
(56, 80)
(72, 80)
(0, -2)
(0, -1)
(63, 40)
(72, 40)
(0, -2)
(0, -1)
(56, 0)
(75, 0)
(61, 80)
(63, 80)
(0, -2)
(0, -1)
(55, 80)
(70, 80)
(0, -2)
(0, -1)
(55, 40)
(67, 40)
(0, -2)
(0, -1)
(67, 40)
(73, 240)
(0, -2)
(0, -1)
(51, 0)
(71, 0)
(55, 0)
(80, 245)
(62, 0)
(58, 80)
(67, 0)
(75, 240)
(39, 16)
(63, 960)
(59, 130)
(0, -1)
(63, 80)
(79, 280)
(0, -2)
(70, 40)
(70, 253)
(0, -1)
(66, 240)
(68, 40)
(0, -2)
(56, 240)
(50, 40)
(58, 80)
(0, -1)
(63, 80)
(69, 40)
(0, -2)
(64, 240)
(65, 480)
(72, 120)
(49, 162)
(65, 0)
(59, 120)
(56, 180)
(65, 480)
(51, 23)
(73, 480)
(58, 130)
(65, 480)
(61, 140)
(75, 60)
(68, 120)
(59, 2880)
(49, 240)
(58, 120)
(56, 120)
(68, 120)
(63, 960)
(61, 140)
(68, 60)
(60, 120)
(64, 180)
(65, 60)
(63, 180)
(55, 140)
(64, 120)
(0, -1)
(64, 130)
(75, 0)
(0, -2)
(53, 54)
(54, 120)
(0, -1)
(61, 0)
(56, 40)
(68, 40)
(0, -2)
(0, -1)
(39, 0)
(57, 80)
(69, 480)
(0, -2)
(0, -1)
(51, 40)
(53, 0)
(0, -2)
(0, -1)
(72, 0)
(60, 0)
(48, 34)
(63, 40)
(0, -2)
(0, -1)
(55, 80)
(73, 80)
(0, -2)
(0, -1)
(82, 34)
(40, 85)
(0, -2)
(0, -1)
(57, 0)
(60, 80)
(48, 40)
(0, -2)
(0, -1)
(56, 80)
(68, 80)
(0, -2)
(0, -1)
(51, 40)
(64, 120)
(0, -2)
(0, -1)
(56, 0)
(60, 0)
(49, 80)
(84, 80)
(0, -2)
(0, -1)
(56, 80)
(68, 80)
(0, -2)
(0, -1)
(51, 0)
(72, 0)
(48, 38)
(80, 23)
(0, -2)
(0, -1)
(51, 0)
(68, 0)
(56, 0)
(72, 0)
(60, 0)
(63, 0)
(56, 0)
(68, 0)
(51, 0)
(71, 0)
(44, 0)
(51, 0)
(72, 0)
(56, 80)
(75, 80)
(0, -2)
(0, -1)
(61, 0)
(76, 0)
(68, 320)
(68, 120)
(0, -2)
(0, -1)
(51, 80)
(70, 80)
(0, -2)
(0, -1)
(56, 80)
(68, 240)
(0, -2)
(0, -1)
(51, 80)
(46, 38)
(0, -2)
(0, -1)
(48, 0)
(63, 0)
(61, 80)
(84, 289)
(0, -2)
(0, -1)
(39, 0)
(80, 0)
(44, 80)
(69, 0)
(0, -2)
(0, -1)
(39, 0)
(71, 40)
(66, 40)
(65, 40)
(0, -2)
(0, -1)
(39, 80)
(60, 80)
(0, -2)
(0, -1)
(80, 200)
(71, 120)
(0, -2)
(0, -1)
(48, 0)
(70, 0)
(44, 40)
(62, 240)
(0, -2)
(0, -1)
(56, 80)
(71, 120)
(0, -2)
(0, -1)
(53, 0)
(68, 0)
(56, 0)
(73, 0)
(72, 80)
(74, 0)
(0, -2)
(0, -1)
(56, 80)
(68, 80)
(0, -2)
(0, -1)
(51, 80)
(65, 80)
(0, -2)
(0, -1)
(55, 0)
(68, 0)
(48, 80)
(64, 40)
(0, -2)
(0, -1)
(56, 0)
(67, 0)
(48, 40)
(48, 49)
(0, -2)
(0, -1)
(56, 80)
(68, 80)
(0, -2)
(0, -1)
(51, 0)
(75, 0)
(55, 0)
(75, 289)
(58, 0)
(56, 80)
(49, 0)
(0, -2)
(0, -1)
(51, 0)
(68, 0)
(56, 0)
(68, 0)
(51, 0)
(75, 0)
(56, 0)
(68, 0)
(59, 0)
(60, 0)
(65, 0)
(49, 9)
(75, 0)
(84, 0)
(92, 240)
(67, 40)
(67, 0)
(48, 49)
(72, 40)
(0, -2)
(0, -1)
(56, 0)
(72, 0)
(51, 80)
(63, 80)
(0, -2)
(0, -1)
(56, 80)
(68, 80)
(0, -2)
(0, -1)
(61, 80)
(63, 80)
(0, -2)
(0, -1)
(55, 80)
(67, 120)
(0, -2)
(0, -1)
(61, 0)
(77, 0)
(68, 0)
(80, 0)
(62, 0)
(63, 120)
(75, 80)
(48, 0)
(59, 130)
(61, 80)
(63, 80)
(77, 160)
(0, -2)
(0, -1)
(57, 240)
(63, 0)
(72, 0)
(63, 40)
(72, 80)
(0, -2)
(0, -1)
(51, 40)
(40, 0)
(0, -2)
(0, -1)
(63, 0)
(69, 120)
(68, 80)
(73, 80)
(0, -2)
(0, -1)
(51, 40)
(82, 34)
(0, -2)
(0, -1)
(56, 0)
(72, 0)
(60, 80)
(75, 0)
(0, -2)
(0, -1)
(56, 80)
(68, 80)
(0, -2)
(0, -1)
(75, 0)
(84, 0)
(65, 40)
(89, 289)
(0, -2)
(0, -1)
(51, 0)
(48, 80)
(46, 40)
(89, 289)
(0, -2)
(0, -1)
(80, 200)
(80, 40)
(0, -2)
(0, -1)
(56, 40)
(68, 40)
(0, -2)
(0, -1)
(80, 80)
(60, 80)
(70, 80)
(65, 360)
(0, -2)
(0, -1)
(75, 120)
(59, 80)
(0, -2)
(0, -1)
(37, 184)
(71, 240)
(0, -2)
(0, -1)
(49, 120)
(66, 720)
(0, -2)
(0, -1)
(59, 130)
(51, 120)
(0, -2)
(0, -1)
(54, 0)
(72, 120)
(46, 40)
(0, -2)
(0, -2)
(0, -1)
(49, 64)
(80, 240)
(0, -2)
(0, -1)
(44, 45)
(68, 240)
(0, -2)
(0, -1)
(49, 240)
(68, 240)
(0, -2)
(0, -1)
(58, 40)
(63, 57)
(0, -2)
(0, -1)
(65, 120)
(75, 120)
(0, -2)
(0, -1)
(49, 120)
(73, 40)
(0, -2)
(0, -1)
(70, 60)
(37, 34)
(0, -2)
(0, -1)
(77, 440)
(77, 80)
(0, -2)