iteration: 415500, loss: 4.150341
----
(73, 120)
(56, 120)
(63, 120)
(0, -2)
(0, -1)
(76, 160)
(67, 120)
(44, 34)
(0, -2)
(0, -1)
(44, 240)
(64, 240)
(62, 720)
(0, -2)
(0, -1)
(80, 120)
(61, 120)
(61, 120)
(0, -2)
(0, -1)
(61, 240)
(61, 240)
(68, 480)
(0, -2)
(0, -1)
(66, 120)
(57, 480)
(49, 240)
(0, -2)
(0, -1)
(67, 120)
(54, 720)
(68, 480)
(0, -2)
(0, -1)
(69, 120)
(58, 240)
(73, 1440)
(0, -2)
(0, -1)
(49, 120)
(53, 240)
(65, 480)
(0, -2)
(0, -1)
(49, 120)
(71, 285)
(68, 480)
(0, -2)
(0, -1)
(65, 480)
(54, 120)
(77, 120)
(0, -2)
(0, -1)
(56, 40)
(72, 80)
(72, 120)
(0, -2)
(0, -1)
(49, 120)
(44, 20)
(64, 480)
(68, 480)
(0, -2)
(0, -1)
(67, 40)
(80, 480)
(0, -2)
(0, -1)
(55, 0)
(68, 0)
(51, 0)
(75, 0)
(57, 0)
(77, 248)
(77, 80)
(53, 0)
(80, 0)
(51, 0)
(72, 0)
(55, 0)
(71, 0)
(61, 0)
(71, 0)
(50, 40)
(52, 0)
(70, 0)
(56, 0)
(70, 0)
(51, 0)
(73, 0)
(56, 40)
(72, 40)
(0, -2)
(0, -1)
(51, 40)
(72, 40)
(0, -2)
(0, -1)
(56, 40)
(71, 80)
(0, -2)
(0, -1)
(39, 0)
(69, 480)
(68, 80)
(70, 120)
(0, -2)
(0, -1)
(51, 40)
(44, 64)
(0, -2)
(0, -1)
(56, 0)
(73, 0)
(60, 80)
(64, 40)
(0, -2)
(0, -1)
(55, 80)
(68, 40)
(0, -2)
(0, -1)
(51, 0)
(73, 0)
(39, 85)
(80, 240)
(0, -2)
(49, 204)
(0, -1)
(75, 0)
(78, 120)
(63, 80)
(0, -2)
(0, -1)
(55, 80)
(73, 0)
(0, -2)
(0, -1)
(51, 80)
(68, 80)
(0, -2)
(0, -1)
(50, 40)
(72, 0)
(60, 0)
(63, 0)
(56, 0)
(68, 0)
(50, 0)
(76, 0)
(44, 0)
(63, 0)
(60, 0)
(61, 0)
(63, 0)
(57, 0)
(52, 40)
(68, 0)
(67, 0)
(44, 40)
(60, 40)
(0, -2)
(0, -1)
(67, 40)
(67, 480)
(0, -2)
(0, -1)
(53, 0)
(60, 80)
(63, 80)
(0, -2)
(0, -2)
(0, -1)
(80, 400)
(87, 0)
(54, 240)
(72, 40)
(0, -2)
(0, -1)
(69, 180)
(73, 40)
(0, -2)
(0, -1)
(39, 0)
(73, 0)
(68, 0)
(80, 400)
(68, 0)
(56, 0)
(68, 0)
(51, 0)
(72, 0)
(44, 0)
(73, 180)
(75, 240)
(80, 40)
(0, -2)
(0, -1)
(44, 0)
(71, 120)
(62, 0)
(80, 0)
(68, 120)
(60, 40)
(0, -2)
(0, -1)
(71, 120)
(71, 120)
(0, -2)
(0, -1)
(58, 80)
(67, 80)
(0, -2)
(0, -1)
(56, 40)
(73, 40)
(0, -2)
(0, -1)
(51, 0)
(72, 0)
(57, 0)
(57, 80)
(77, 80)
(0, -2)
(65, 0)
(0, -1)
(75, 0)
(78, 255)
(70, 194)
(80, 40)
(0, -2)
(0, -1)
(41, 0)
(79, 226)
(0, -2)
(0, -1)
(71, 120)
(72, 120)
(0, -2)
(0, -1)
(68, 120)
(67, 120)
(0, -2)
(0, -1)
(55, 0)
(72, 0)
(60, 0)
(71, 0)
(75, 0)
(78, 480)
(45, 34)
(72, 40)
(0, -2)
(0, -1)
(75, 60)
(63, 80)
(0, -2)
(0, -1)
(71, 120)
(87, 0)
(0, -2)
(0, -1)
(71, 120)
(68, 120)
(0, -2)
(0, -1)
(71, 120)
(64, 120)
(0, -2)
(0, -1)
(71, 120)
(65, 120)
(0, -2)
(72, 120)
(53, 40)
(0, -1)
(75, 60)
(49, 9)
(0, -2)
(70, 40)
(37, 28)
(59, 120)
(0, -1)
(63, 80)
(82, 289)
(0, -2)
(60, 240)
(0, -1)
(73, 80)
(60, 80)
(80, 80)
(0, -2)
(53, 240)
(56, 0)
(67, 0)
(62, 480)
(73, 80)
(0, -2)
(0, -1)
(56, 80)
(64, 360)
(0, -2)
(0, -1)
(72, 0)
(75, 0)
(41, 89)
(48, 34)
(0, -2)
(0, -1)
(51, 40)
(69, 80)
(0, -2)
(0, -1)
(58, 0)
(63, 0)
(73, 445)
(84, 289)
(0, -2)
(0, -1)
(44, 80)
(67, 40)
(0, -2)
(0, -1)
(65, 180)
(67, 40)
(0, -2)
(68, 240)
(50, 40)
(0, -1)
(48, 80)
(75, 400)
(0, -2)
(0, -1)
(69, 360)
(66, 120)
(0, -2)
(0, -1)
(55, 0)
(80, 0)
(63, 20)
(65, 80)
(0, -2)
(0, -1)
(55, 80)
(75, 30)
(0, -2)
(0, -1)
(40, 0)
(63, 40)
(0, -2)
(0, -1)
(53, 0)
(63, 0)
(44, 64)
(84, 289)
(0, -2)
(0, -1)
(67, 40)
(80, 240)
(0, -2)
(0, -1)
(51, 0)
(68, 0)
(56, 0)
(72, 0)
(60, 80)
(63, 80)
(0, -2)
(0, -1)
(56, 80)
(68, 80)
(0, -2)
(0, -1)
(51, 0)
(72, 0)
(79, 200)
(77, 289)
(0, -2)
(0, -1)
(43, 0)
(84, 0)
(51, 80)
(70, 80)
(0, -2)
(0, -1)
(53, 0)
(73, 0)
(65, 40)
(79, 160)
(0, -2)
(0, -1)
(60, 0)
(73, 0)
(55, 40)
(72, 40)
(0, -2)
(0, -1)
(56, 40)
(72, 40)
(0, -2)
(0, -1)
(51, 40)
(73, 40)
(0, -2)
(0, -1)
(61, 0)
(63, 0)
(56, 0)
(72, 0)
(60, 80)
(63, 80)
(0, -2)
(0, -1)
(55, 80)
(68, 80)
(0, -2)
(0, -1)
(68, 360)
(76, 0)
(0, -2)
(0, -1)
(72, 80)
(68, 80)
(0, -2)
(0, -1)
(43, 80)
(65, 80)
(0, -2)
(0, -1)
(71, 120)
(66, 120)
(62, 210)
(0, -2)
(0, -1)
(71, 120)
(71, 120)
(82, 109)
(0, -2)
(0, -1)
(65, 480)
(73, 40)
(0, -2)
(64, 120)
(0, -1)
(53, 80)
(56, 120)
(0, -2)
(53, 120)
(48, 40)
(0, -1)
(39, 0)
(44, 78)
(73, 120)
(0, -2)
(0, -1)
(51, 80)
(72, 80)
(0, -2)
(0, -1)
(51, 0)
(73, 0)
(39, 80)
(70, 72)
(0, -2)
(0, -1)
(51, 0)
(72, 0)
(44, 40)
(80, 285)
(0, -2)
(68, 240)
(53, 80)
(75, 240)
(0, -1)
(63, 180)
(68, 40)
(0, -2)
(70, 80)
(0, -1)
(62, 0)
(60, 80)
(65, 20)
(0, -2)
(0, -1)
(56, 80)
(68, 80)
(0, -2)
(0, -1)
(87, 0)
(65, 40)
(0, -2)
(0, -1)
(60, 0)
(65, 80)
(51, 1440)
(77, 160)
(0, -2)
(0, -1)
(56, 40)
(72, 40)
(0, -2)
(0, -1)
(44, 80)
(73, 80)
(0, -2)
(0, -1)
(51, 80)
(63, 80)
(0, -2)
(0, -1)
(55, 80)
(73, 40)
(0, -2)
(0, -1)
(45, 37)
(80, 40)
(0, -2)
(0, -1)
(70, 120)
(32, 0)
(0, -2)
(0, -1)
(55, 0)
(73, 0)
(51, 80)
(58, 80)
(0, -2)
(0, -1)
(57, 96)
(69, 80)
(0, -2)
(0, -1)
(63, 0)
(72, 0)
(44, 80)
(60, 80)
(0, -2)
(0, -1)
(56, 0)
(75, 0)
(51, 0)
(76, 0)
(58, 0)
(72, 340)
(59, 0)
(63, 0)
(55, 0)
(51, 0)
(70, 0)
(44, 34)
(67, 40)
(57, 0)
(0, -2)
(0, -1)
(52, 0)
(73, 0)
(84, 80)
(92, 80)
(0, -2)
(0, -1)
(52, 0)
(73, 0)
(65, 0)
(49, 40)
(63, 80)
(64, 240)
(64, 130)
(0, -1)
(69, 120)
(65, 40)
(0, -2)
(0, -1)
(68, 120)
(80, 40)
(0, -2)
(0, -1)
(58, 80)
(84, 80)
(0, -2)
(0, -1)
(59, 240)
(67, 120)
(0, -2)
(63, 180)
(59, 664)
(61, 120)
(0, -1)
(64, 120)
(61, 480)
(0, -2)
(0, -1)
(54, 480)
(63, 180)
(56, 240)
(0, -2)
(0, -1)
(71, 240)
(53, 240)
(40, 20)
(0, -2)
(0, -1)
(0, -1)
(61, 480)
(72, 120)
(0, -2)
(56, 240)
(0, -2)
(0, -1)
(44, 45)
(64, 240)
(65, 480)
(0, -2)
(37, 28)
(68, 60)
(68, 120)
(72, 120)
(80, 120)
(58, 150)
(53, 480)
(64, 180)
(0, -1)
(75, 720)
(58, 480)
(0, -2)
(54, 40)
(73, 150)
(60, 120)
(0, -1)
(61, 480)
(63, 120)
(0, -2)
(0, -1)
(57, 80)
(63, 240)
(59, 120)
(0, -2)
(0, -1)
(51, 40)
(51, 240)
(73, 720)
(65, 240)
(0, -2)
(0, -1)
(65, 120)
(50, 120)
(65, 480)
(0, -2)
(0, -1)
(80, 120)
(60, 40)
(56, 120)
(0, -2)
(51, 80)
(0, -1)
(71, 120)
(70, 120)
(0, -2)
(72, 120)
(53, 40)
(61, 432)
(0, -1)
(61, 0)
(44, 48)
(59, 120)
(0, -2)
(0, -2)
(0, -1)
(74, 0)
(69, 40)
(0, -2)
(0, -1)
(71, 120)
(78, 80)
(59, 120)
(73, 480)
(75, 120)
(63, 180)
(69, 120)
(55, 80)
(64, 120)
(73, 120)
(58, 120)
(65, 180)
(58, 130)
(67, 480)
(68, 60)
(63, 180)
(66, 960)
(58, 150)
(100, 240)
(61, 480)
(73, 120)
(0, -1)
(71, 120)
(73, 80)
(0, -2)
(0, -2)
(0, -1)
(48, 80)
(68, 120)
(0, -2)
(0, -1)
(71, 120)
(75, 0)
(44, 0)
(73, 240)
(84, 289)
(0, -2)
(0, -1)
(57, 80)
(66, 360)
(0, -2)
(0, -1)
(72, 0)
(80, 0)
(63, 0)
(56, 0)
(75, 0)
(60, 80)
(63, 80)
(67, 80)
(0, -2)
(0, -1)
(56, 80)
(75, 40)
(0, -2)
(0, -1)
(51, 0)
(72, 0)
(84, 0)
(75, 405)
(0, -2)
(0, -1)
(62, 0)
(48, 40)
(46, 38)
(84, 394)
(0, -2)
(0, -1)
(61, 80)
(73, 80)
(0, -2)
(0, -1)
(52, 0)
(72, 0)
(32, 0)
(53, 0)
(76, 0)
(63, 0)
(53, 0)
(58, 0)
(48, 0)
(63, 40)
(62, 0)
(49, 0)
(70, 180)
(59, 80)
(48, 0)
(63, 130)
(64, 210)
(80, 40)
(0, -2)
(0, -1)
(53, 40)
(72, 80)
(0, -2)
(0, -1)
(56, 40)
(75, 80)
(0, -2)
(0, -1)
(60, 80)
(63, 80)
(0, -2)
(0, -1)
(66, 480)
(70, 0)
(66, 240)
(87, 40)
(0, -2)
(0, -1)
(67, 40)
(68, 40)
(0, -2)
(0, -1)
(63, 0)
(60, 40)
(68, 40)
(92, 80)
(0, -2)
(0, -1)
(68, 120)
(70, 120)
(0, -2)
(0, -1)
(71, 120)
(64, 120)
(0, -2)