iteration: 442000, loss: 2.108171
----
(63, 0)
(56, 0)
(77, 0)
(51, 40)
(56, 0)
(68, 0)
(53, 0)
(62, 0)
(43, 0)
(51, 16)
(51, 0)
(62, 0)
(59, 40)
(77, 240)
(70, 80)
(80, 40)
(63, 60)
(0, -2)
(0, -1)
(62, 0)
(72, 0)
(39, 80)
(84, 0)
(0, -2)
(0, -1)
(61, 0)
(84, 0)
(56, 0)
(72, 0)
(51, 0)
(72, 0)
(56, 0)
(68, 0)
(59, 0)
(61, 0)
(37, 34)
(73, 960)
(66, 120)
(63, 120)
(0, -2)
(0, -1)
(65, 180)
(64, 180)
(0, -2)
(0, -1)
(71, 120)
(44, 48)
(0, -2)
(0, -1)
(73, 445)
(71, 120)
(0, -2)
(0, -1)
(71, 120)
(64, 180)
(0, -2)
(0, -1)
(59, 20)
(75, 240)
(0, -2)
(0, -1)
(71, 120)
(50, 0)
(64, 1440)
(64, 130)
(0, -2)
(0, -1)
(58, 80)
(77, 80)
(0, -2)
(0, -1)
(53, 0)
(67, 0)
(56, 40)
(72, 40)
(0, -2)
(0, -1)
(63, 80)
(73, 40)
(0, -2)
(0, -1)
(61, 0)
(63, 0)
(44, 80)
(74, 34)
(0, -2)
(0, -1)
(53, 0)
(72, 0)
(44, 0)
(51, 0)
(70, 0)
(56, 0)
(73, 0)
(61, 40)
(55, 40)
(92, 80)
(0, -2)
(0, -1)
(39, 0)
(71, 0)
(63, 40)
(67, 80)
(0, -2)
(0, -1)
(56, 80)
(73, 80)
(0, -2)
(0, -1)
(51, 0)
(75, 0)
(44, 0)
(51, 0)
(72, 0)
(65, 0)
(51, 0)
(68, 0)
(56, 0)
(73, 0)
(61, 40)
(84, 80)
(0, -2)
(72, 40)
(0, -1)
(68, 0)
(80, 0)
(61, 80)
(34, 0)
(0, -2)
(0, -1)
(56, 80)
(68, 80)
(0, -2)
(0, -1)
(39, 80)
(77, 0)
(0, -2)
(0, -1)
(53, 0)
(80, 0)
(84, 197)
(75, 289)
(0, -2)
(0, -1)
(56, 0)
(76, 0)
(58, 40)
(64, 0)
(72, 78)
(72, 40)
(45, 0)
(72, 80)
(72, 80)
(64, 240)
(71, 240)
(0, -1)
(71, 120)
(68, 60)
(0, -2)
(0, -1)
(52, 80)
(80, 80)
(0, -2)
(0, -1)
(48, 40)
(53, 240)
(0, -2)
(0, -1)
(58, 80)
(65, 120)
(0, -2)
(0, -1)
(39, 80)
(75, 0)
(70, 180)
(0, -2)
(0, -1)
(71, 120)
(60, 720)
(0, -2)
(0, -1)
(71, 120)
(73, 445)
(0, -2)
(61, 300)
(59, 120)
(0, -1)
(73, 1440)
(66, 120)
(0, -2)
(0, -1)
(71, 120)
(73, 180)
(0, -2)
(0, -1)
(59, 240)
(66, 120)
(44, 85)
(0, -2)
(0, -1)
(73, 360)
(59, 120)
(51, 120)
(0, -2)
(0, -1)
(71, 120)
(66, 120)
(58, 120)
(0, -2)
(0, -1)
(71, 120)
(65, 120)
(0, -2)
(0, -2)
(0, -1)
(68, 120)
(87, 0)
(58, 150)
(53, 78)
(61, 120)
(71, 120)
(61, 480)
(72, 120)
(68, 960)
(61, 480)
(56, 180)
(61, 60)
(0, -2)
(0, -1)
(71, 120)
(66, 720)
(0, -2)
(0, -1)
(71, 120)
(67, 120)
(0, -2)
(0, -1)
(71, 120)
(64, 120)
(0, -2)
(0, -1)
(71, 120)
(61, 240)
(65, 20)
(0, -2)
(0, -1)
(68, 120)
(71, 120)
(78, 80)
(0, -2)
(0, -1)
(56, 40)
(68, 40)
(0, -2)
(0, -1)
(61, 80)
(68, 240)
(0, -2)
(0, -1)
(61, 120)
(60, 240)
(58, 480)
(32, 1440)
(0, -1)
(61, 480)
(41, 14)
(0, -2)
(53, 54)
(0, -1)
(75, 480)
(73, 240)
(0, -2)
(0, -1)
(49, 20)
(69, 480)
(60, 120)
(58, 180)
(0, -2)
(0, -1)
(49, 7)
(73, 80)
(54, 120)
(0, -2)
(0, -1)
(49, 240)
(44, 34)
(0, -2)
(0, -1)
(49, 120)
(49, 184)
(0, -2)
(0, -1)
(49, 215)
(58, 120)
(0, -2)
(0, -1)
(49, 120)
(51, 49)
(0, -2)
(0, -1)
(69, 180)
(44, 240)
(0, -2)
(0, -1)
(66, 120)
(53, 120)
(0, -2)
(0, -1)
(44, 240)
(73, 360)
(0, -2)
(0, -1)
(49, 120)
(44, 120)
(0, -2)
(0, -1)
(49, 120)
(61, 240)
(0, -2)
(0, -1)
(61, 120)
(44, 240)
(49, 480)
(0, -2)
(0, -1)
(71, 120)
(40, 1440)
(59, 120)
(0, -2)
(0, -1)
(69, 360)
(67, 120)
(60, 120)
(0, -2)
(0, -1)
(71, 120)
(66, 120)
(59, 120)
(0, -2)
(0, -1)
(65, 480)
(75, 0)
(61, 120)
(72, 40)
(0, -2)
(0, -1)
(68, 0)
(53, 0)
(72, 0)
(56, 40)
(45, 0)
(0, -2)
(0, -1)
(56, 0)
(72, 0)
(60, 80)
(63, 80)
(0, -2)
(0, -1)
(55, 80)
(70, 80)
(0, -2)
(0, -1)
(56, 40)
(73, 40)
(0, -2)
(0, -1)
(80, 0)
(67, 40)
(51, 1200)
(0, -2)
(0, -1)
(51, 80)
(70, 80)
(0, -2)
(0, -1)
(75, 80)
(78, 0)
(0, -2)
(53, 54)
(0, -1)
(80, 80)
(51, 40)
(0, -2)
(0, -1)
(58, 80)
(59, 40)
(0, -2)
(0, -1)
(51, 0)
(72, 0)
(44, 40)
(75, 240)
(0, -2)
(0, -1)
(51, 80)
(69, 80)
(0, -2)
(0, -1)
(58, 0)
(68, 0)
(62, 0)
(74, 0)
(56, 240)
(75, 40)
(0, -2)
(0, -1)
(58, 0)
(80, 0)
(36, 0)
(64, 40)
(0, -2)
(0, -1)
(39, 0)
(51, 80)
(70, 80)
(69, 80)
(0, -2)
(0, -1)
(51, 0)
(68, 0)
(56, 0)
(71, 0)
(60, 40)
(85, 80)
(0, -2)
(0, -1)
(55, 80)
(77, 80)
(0, -2)
(0, -1)
(63, 40)
(58, 80)
(0, -2)
(0, -1)
(44, 0)
(63, 0)
(62, 0)
(65, 0)
(48, 40)
(71, 120)
(0, -2)
(0, -1)
(39, 0)
(63, 0)
(39, 49)
(32, 48)
(0, -2)
(0, -1)
(63, 80)
(72, 40)
(0, -2)
(0, -1)
(56, 40)
(72, 40)
(0, -2)
(0, -1)
(63, 0)
(51, 0)
(72, 0)
(56, 80)
(60, 80)
(0, -2)
(0, -1)
(55, 0)
(73, 0)
(60, 0)
(65, 40)
(65, 40)
(0, -2)
(0, -1)
(51, 80)
(73, 40)
(0, -2)
(0, -1)
(56, 0)
(71, 0)
(68, 320)
(79, 80)
(0, -2)
(0, -1)
(55, 80)
(70, 80)
(0, -2)
(0, -1)
(54, 80)
(75, 405)
(0, -2)
(0, -1)
(79, 120)
(63, 80)
(0, -2)
(0, -1)
(55, 80)
(68, 240)
(0, -2)
(0, -1)
(0, -1)
(84, 40)
(44, 48)
(0, -2)
(32, 40)
(67, 40)
(72, 80)
(0, -1)
(68, 0)
(73, 0)
(77, 0)
(65, 20)
(92, 80)
(0, -2)
(0, -1)
(56, 80)
(68, 80)
(0, -2)
(0, -1)
(51, 0)
(72, 0)
(39, 74)
(67, 20)
(0, -2)
(0, -1)
(51, 0)
(77, 0)
(44, 45)
(100, 240)
(0, -2)
(0, -1)
(39, 0)
(73, 0)
(70, 0)
(59, 130)
(77, 80)
(0, -2)
(0, -1)
(56, 80)
(68, 80)
(0, -2)
(0, -1)
(51, 80)
(72, 80)
(0, -2)
(0, -1)
(61, 80)
(75, 80)
(0, -2)
(0, -1)
(55, 0)
(72, 0)
(60, 0)
(56, 2880)
(64, 0)
(80, 40)
(72, 80)
(40, 480)
(0, -2)
(0, -1)
(71, 120)
(71, 120)
(0, -2)
(0, -1)
(71, 120)
(68, 120)
(0, -2)
(0, -1)
(71, 120)
(68, 120)
(0, -2)
(0, -1)
(71, 120)
(80, 80)
(0, -2)
(0, -1)
(44, 0)
(55, 0)
(72, 0)
(60, 0)
(68, 0)
(80, 0)
(70, 0)
(68, 40)
(46, 0)
(0, -2)
(0, -1)
(51, 80)
(68, 80)
(0, -2)
(0, -1)
(60, 80)
(63, 80)
(0, -2)
(0, -1)
(55, 80)
(73, 40)
(0, -2)
(0, -1)
(52, 0)
(73, 0)
(57, 0)
(72, 16)
(59, 0)
(51, 40)
(71, 120)
(61, 60)
(69, 120)
(0, -1)
(43, 85)
(66, 120)
(0, -2)
(0, -1)
(71, 120)
(66, 120)
(84, 80)
(79, 96)
(73, 960)
(63, 180)
(61, 120)
(66, 150)
(58, 130)
(76, 0)
(64, 120)
(59, 130)
(71, 120)
(58, 150)
(67, 120)
(66, 360)
(57, 80)
(63, 180)
(62, 480)
(72, 0)
(80, 0)
(51, 0)
(68, 0)
(56, 0)
(68, 0)
(51, 0)
(68, 0)
(56, 0)
(72, 0)
(60, 0)
(63, 0)
(56, 0)
(68, 0)
(52, 0)
(72, 0)
(65, 0)
(52, 0)
(72, 0)
(70, 16)
(51, 0)
(68, 360)
(56, 80)
(73, 80)
(0, -2)
(0, -1)
(56, 80)
(72, 80)
(0, -2)
(0, -1)
(55, 0)
(73, 0)
(61, 80)
(63, 80)
(0, -2)
(0, -1)
(58, 80)
(75, 80)
(0, -2)
(0, -1)
(51, 0)
(72, 0)
(44, 34)
(68, 40)
(0, -2)
(0, -1)
(51, 80)
(73, 40)
(0, -2)
(0, -1)
(51, 40)
(72, 40)
(0, -2)
(0, -1)
(55, 80)
(68, 1440)
(0, -2)
(0, -1)
(51, 0)
(72, 0)
(56, 80)
(80, 23)
(0, -2)
(65, 80)
(73, 240)
(67, 0)
(0, -1)
(60, 80)
(63, 80)
(0, -2)
(70, 40)
(85, 240)
(0, -1)
(51, 49)
(50, 240)
(0, -2)
(0, -1)
(70, 120)
(64, 120)
(0, -2)
(0, -1)
(61, 480)
(68, 120)
(0, -2)
(0, -1)
(56, 0)
(68, 0)
(51, 0)
(72, 0)
(48, 40)
(77, 289)
(0, -2)
(60, 240)
(39, 26)
(51, 80)
(70, 80)
(0, -1)
(84, 197)
(58, 120)
(0, -2)
(0, -1)
(45, 49)
(71, 120)
(0, -2)
(0, -1)
(61, 240)
(71, 120)
(0, -2)
(0, -1)
(57, 240)
(67, 120)
(58, 240)
(0, -2)
(0, -1)
(49, 240)
(71, 120)
(0, -2)
(0, -1)
(71, 120)
(68, 120)
(0, -2)
(0, -1)
(71, 120)
(66, 120)
(63, 120)
(0, -2)
(0, -1)
(73, 120)
(64, 120)
(58, 240)
(0, -2)
(70, 40)
(0, -1)
(71, 120)
(44, 40)
(0, -2)
(40, 2880)
(48, 40)
(63, 120)
(0, -1)
(70, 150)
(75, 120)
(0, -2)
(0, -1)
(54, 0)
(80, 480)
(68, 120)
(0, -2)
(68, 360)
(48, 120)
(66, 240)
(65, 720)
(61, 432)
(66, 150)
(61, 120)
(62, 480)
(60, 120)
(37, 184)
(61, 120)
(73, 240)
(66, 960)
(64, 240)
(56, 180)
(61, 180)
(68, 60)
(48, 0)
(64, 480)
(61, 120)
(80, 120)
(68, 60)
(61, 480)