iteration: 71000, loss: 4.911303
----
(74, 120)
(56, 0)
(70, 240)
(0, -2)
(63, 240)
(39, 80)
(0, -2)
(0, -2)
(0, -2)
(44, 80)
(53, 120)
(71, 120)
(0, -2)
(60, 80)
(44, 0)
(0, -2)
(49, 240)
(0, -2)
(79, 280)
(0, -2)
(0, -2)
(67, 40)
(68, 720)
(0, -2)
(54, 160)
(0, -2)
(0, -1)
(41, 16)
(55, 0)
(46, 0)
(0, -1)
(76, 40)
(66, 180)
(72, 200)
(45, 0)
(0, -2)
(75, 80)
(0, -2)
(64, 240)
(65, 180)
(0, -1)
(68, 120)
(0, -2)
(64, 180)
(63, 40)
(0, -2)
(78, 0)
(0, -2)
(0, -1)
(64, 0)
(58, 480)
(61, 80)
(0, -2)
(56, 40)
(0, -2)
(50, 0)
(59, 120)
(0, -2)
(75, 240)
(0, -2)
(54, 0)
(0, -2)
(55, 0)
(44, 120)
(64, 130)
(0, -2)
(80, 240)
(0, -2)
(61, 0)
(0, -1)
(51, 80)
(65, 480)
(0, -1)
(73, 1440)
(73, 180)
(0, -2)
(70, 0)
(0, -2)
(57, 80)
(65, 120)
(66, 120)
(0, -2)
(44, 424)
(0, -2)
(68, 0)
(0, -2)
(56, 54)
(0, -2)
(55, 0)
(70, 80)
(61, 0)
(55, 0)
(75, 80)
(71, 0)
(56, 140)
(0, -2)
(62, 960)
(0, -2)
(59, 120)
(75, 120)
(59, 120)
(44, 120)
(62, 0)
(51, 40)
(0, -1)
(45, 80)
(44, 80)
(61, 80)
(60, 80)
(0, -2)
(60, 240)
(80, 120)
(72, 0)
(0, -2)
(44, 0)
(63, 180)
(61, 180)
(0, -2)
(72, 80)
(0, -2)
(71, 240)
(0, -2)
(63, 38)
(0, -2)
(69, 0)
(48, 40)
(59, 2880)
(0, -2)
(58, 120)
(65, 480)
(56, 0)
(73, 0)
(0, -1)
(80, 120)
(63, 0)
(0, -2)
(0, -2)
(0, -2)
(62, 240)
(73, 40)
(71, 240)
(62, 960)
(47, 240)
(60, 80)
(55, 80)
(49, 80)
(0, -2)
(48, 49)
(64, 480)
(0, -2)
(37, 85)
(0, -2)
(72, 480)
(68, 0)
(68, 120)
(70, 80)
(57, 0)
(66, 120)
(48, 80)
(0, -2)
(56, 40)
(0, -2)
(44, 120)
(0, -2)
(58, 720)
(0, -2)
(64, 120)
(0, -1)
(0, -1)
(61, 80)
(80, 40)
(0, -2)
(56, 80)
(39, 80)
(58, 480)
(0, -2)
(61, 80)
(71, 240)
(73, 0)
(56, 0)
(58, 120)
(0, -2)
(70, 80)
(0, -2)
(55, 2880)
(70, 480)
(58, 120)
(49, 184)
(0, -2)
(49, 80)
(0, -2)
(0, -2)
(79, 226)
(0, -2)
(44, 0)
(0, -2)
(80, 350)
(55, 80)
(78, 480)
(0, -1)
(56, 64)
(61, 120)
(44, 40)
(53, 0)
(44, 45)
(0, -1)
(56, 80)
(63, 240)
(54, 720)
(0, -2)
(80, 350)
(57, 0)
(68, 240)
(72, 80)
(71, 120)
(0, -2)
(72, 240)
(0, -2)
(43, 20)
(58, 80)
(68, 120)
(72, 40)
(48, 40)
(0, -2)
(44, 120)
(67, 80)
(71, 120)
(0, -2)
(75, 80)
(0, -2)
(56, 140)
(0, -2)
(55, 40)
(0, -2)
(44, 40)
(72, 120)
(44, 45)
(0, -2)
(51, 80)
(0, -2)
(73, 80)
(51, 80)
(63, 40)
(0, -2)
(60, 40)
(69, 120)
(70, 240)
(58, 0)
(51, 0)
(0, -2)
(52, 80)
(69, 120)
(55, 0)
(53, 40)
(58, 480)
(0, -2)
(80, 40)
(0, -2)
(64, 240)
(66, 240)
(0, -1)
(58, 120)
(74, 40)
(72, 120)
(39, 38)
(0, -2)
(0, -2)
(0, -2)
(64, 480)
(0, -2)
(55, 40)
(0, -2)
(48, 40)
(54, 2880)
(63, 80)
(0, -2)
(0, -2)
(75, 0)
(0, -2)
(0, -2)
(71, 240)
(0, -2)
(49, 41)
(0, -2)
(73, 150)
(0, -1)
(74, 480)
(0, -2)
(55, 40)
(48, 0)
(44, 162)
(63, 720)
(44, 34)
(0, -2)
(51, 720)
(0, -2)
(44, 240)
(0, -2)
(56, 30)
(0, -2)
(58, 120)
(0, -2)
(60, 80)
(72, 40)
(56, 80)
(53, 240)
(64, 130)
(58, 0)
(75, 80)
(0, -2)
(76, 0)
(62, 120)
(51, 80)
(0, -2)
(0, -2)
(60, 80)
(65, 0)
(0, -2)
(72, 0)
(0, -2)
(75, 80)
(0, -2)
(49, 48)
(0, -2)
(62, 720)
(56, 64)
(56, 40)
(75, 80)
(49, 80)
(0, -2)
(56, 80)
(60, 80)
(59, 0)
(0, -2)
(53, 240)
(0, -2)
(56, 0)
(0, -2)
(74, 120)
(0, -2)
(66, 120)
(69, 120)
(56, 80)
(39, 20)
(55, 0)
(0, -2)
(47, 0)
(43, 80)
(63, 0)
(64, 180)
(63, 38)
(72, 100)
(61, 420)
(0, -2)
(63, 60)
(56, 64)
(62, 80)
(0, -2)
(75, 120)
(0, -2)
(0, -2)
(0, -1)
(47, 240)
(70, 80)
(55, 0)
(70, 80)
(49, 80)
(0, -2)
(0, -2)
(0, -2)
(72, 0)
(58, 0)
(49, 120)
(71, 0)
(54, 0)
(0, -2)
(55, 40)
(0, -2)
(60, 0)
(0, -2)
(0, -1)
(64, 120)
(68, 960)
(49, 120)
(63, 40)
(0, -2)
(80, 0)
(68, 80)
(56, 80)
(71, 0)
(56, 240)
(44, 120)
(68, 80)
(0, -2)
(0, -2)
(56, 424)
(44, 120)
(0, -2)
(63, 120)
(53, 120)
(56, 80)
(58, 1296)
(56, 80)
(61, 480)
(68, 40)
(56, 0)
(0, -2)
(55, 0)
(75, 240)
(0, -2)
(74, 80)
(0, -2)
(44, 60)
(0, -2)
(80, 350)
(0, -2)
(0, -2)
(0, -2)
(64, 180)
(0, -2)
(44, 7)
(48, 40)
(73, 120)
(0, -2)
(44, 0)
(0, -2)
(59, 240)
(0, -2)
(62, 0)
(63, 720)
(80, 350)
(55, 0)
(44, 120)
(0, -2)
(49, 80)
(51, 0)
(49, 240)
(0, -2)
(56, 0)
(71, 0)
(61, 120)
(0, -2)
(39, 0)
(0, -2)
(56, 240)
(0, -2)
(44, 189)
(61, 80)
(50, 40)
(56, 40)
(53, 120)
(72, 80)
(65, 80)
(0, -2)
(0, -1)
(47, 37)
(36, 34)
(0, -2)
(0, -2)
(0, -2)
(0, -2)
(0, -2)
(63, 60)
(0, -2)
(69, 120)
(53, 240)
(53, 80)
(51, 0)
(72, 120)
(55, 80)
(48, 34)
(0, -1)
(0, -2)
(80, 240)
(0, -2)
(70, 16)
(66, 60)
(0, -2)
(69, 120)
(44, 0)
(0, -1)
(61, 120)
(61, 80)
(0, -2)
(73, 120)
(0, -2)
(61, 120)
(0, -2)
(0, -2)
(0, -2)
(63, 240)
(72, 240)
(61, 480)
(0, -2)
(78, 480)
(63, 80)
(54, 579)
(0, -2)
(56, 0)
(70, 288)
(52, 80)
(0, -2)
(61, 240)
(0, -2)
(0, -2)
(0, -2)
(0, -2)
(62, 480)
(0, -2)
(0, -2)
(59, 0)
(0, -2)
(66, 120)
(68, 240)
(80, 350)
(64, 180)
(43, 80)
(0, -2)
(0, -2)
(0, -1)
(68, 120)
(0, -2)
(63, 38)
(0, -2)
(0, -1)
(70, 80)
(56, 0)
(61, 80)
(75, 80)
(0, -2)
(0, -2)
(66, 240)
(49, 240)
(65, 0)
(0, -2)
(0, -2)
(56, 140)
(0, -2)
(0, -2)
(0, -2)
(72, 0)
(60, 40)
(56, 64)
(0, -2)
(62, 120)
(0, -2)
(66, 240)
(0, -2)
(71, 240)
(0, -2)
(55, 0)
(61, 80)
(0, -2)
(0, -2)
(0, -2)
(0, -2)
(64, 240)
(70, 480)
(53, 120)
(0, -2)
(46, 20)
(0, -2)
(63, 80)
(56, 0)
(44, 80)
(0, -2)
(68, 40)
(0, -1)
(56, 64)
(58, 80)
(61, 0)
(0, -2)
(56, 120)
(49, 240)
(44, 160)
(49, 80)
(0, -2)
(0, -2)
(80, 0)
(49, 120)
(0, -2)
(0, -1)
(66, 60)
(0, -2)
(61, 2880)
(72, 80)
(53, 240)
(0, -2)
(60, 80)
(53, 14)
(75, 270)
(0, -2)
(44, 7)
(49, 60)
(0, -2)
(71, 120)
(60, 40)
(53, 120)
(70, 40)
(80, 120)
(44, 240)
(0, -2)
(56, 40)
(75, 0)
(51, 80)
(0, -2)
(71, 120)
(0, -2)
(71, 360)
(68, 120)
(0, -2)
(0, -2)
(55, 80)
(0, -2)
(51, 80)
(56, 480)
(0, -1)
(49, 20)
(77, 0)
(65, 480)
(71, 40)
(0, -2)
(57, 960)
(0, -2)
(56, 40)
(0, -2)
(55, 80)
(46, 40)
(48, 37)
(0, -2)
(0, -2)
(0, -2)
(73, 80)
(0, -2)
(62, 720)
(0, -1)
(58, 0)
(61, 240)
(62, 480)
(72, 80)
(68, 120)
(71, 240)
(56, 80)
(0, -2)
(68, 120)
(0, -2)
(63, 80)
(0, -2)
(55, 0)
(68, 80)
(0, -1)
(70, 80)
(56, 80)
(51, 0)
(0, -2)
(58, 0)
(0, -2)
(73, 120)
(65, 80)
(0, -2)
(56, 40)
(75, 120)
(75, 80)
(0, -2)
(49, 240)
(68, 80)
(49, 120)
(63, 80)
(49, 60)
(44, 120)
(44, 85)
(0, -2)
(56, 40)
(0, -2)
(84, 0)
(0, -2)
(68, 80)
(0, -2)
(77, 289)
(65, 0)
(56, 140)
(0, -2)
(0, -2)
(61, 720)
(0, -2)
(65, 80)
(44, 198)
(48, 0)
(53, 120)
(49, 120)
(0, -2)
(57, 960)
(48, 120)
(0, -2)
(0, -2)
(0, -2)
(0, -1)
(53, 240)
(0, -2)
(0, -2)
(72, 0)
(58, 120)
(63, 60)
(0, -2)
(65, 480)
(71, 0)
(0, -2)
(64, 240)
(0, -2)
(0, -2)
(72, 0)
(68, 80)
(0, -2)
(75, 0)
(53, 0)
(0, -2)
(75, 480)
(0, -2)
(0, -2)
(0, -2)
(73, 120)
(0, -2)
(44, 189)
(0, -2)
(71, 0)
(55, 0)
(55, 0)
(61, 960)
(44, 0)
(61, 80)
(49, 80)
(0, -2)
(71, 80)
(0, -2)
(61, 120)
(0, -2)
(61, 0)
(65, 0)
(51, 80)
(0, -2)
(69, 0)
(0, -2)
(57, 0)
(71, 0)
(0, -2)
(56, 40)
(0, -2)
(60, 80)
(44, 160)
(61, 80)
(67, 0)
(0, -2)
(78, 0)
(0, -2)
(44, 7)
(73, 40)
(63, 80)
(60, 80)
(68, 0)
(0, -2)
(49, 480)
(80, 80)
(72, 0)
(64, 360)
(55, 40)
(0, -2)
(55, 0)
(75, 0)
(49, 162)
(0, -2)
(44, 0)
(73, 0)
(56, 80)
(48, 80)
(56, 80)
(49, 219)
(0, -2)
(0, -1)
(63, 1500)
(0, -2)
(54, 160)
(0, -2)
(54, 0)
(0, -2)
(57, 140)
(0, -2)
(61, 80)
(0, -2)
(54, 0)
(61, 80)
(70, 0)
(70, 80)
(66, 0)
(73, 278)
(62, 0)
(0, -2)
(0, -2)
(0, -2)
(58, 720)
(0, -2)