[0, -1]
[49, 240]
[58, 240]
[54, 240]
[0, -2]
[0, -1]
[58, 120]
[54, 120]
[49, 120]
[0, -2]
[0, -1]
[49, 240]
[54, 240]
[61, 240]
[58, 240]
[0, -2]
[0, -1]
[49, 120]
[61, 120]
[58, 120]
[54, 120]
[0, -2]
[0, -1]
[49, 240]
[56, 240]
[53, 240]
[0, -2]
[0, -1]
[56, 120]
[53, 120]
[49, 120]
[0, -2]
[0, -1]
[53, 240]
[61, 240]
[49, 240]
[0, -2]
[0, -1]
[49, 120]
[53, 120]
[61, 120]
[0, -2]
[0, -1]
[51, 240]
[54, 240]
[49, 240]
[0, -2]
[0, -1]
[54, 120]
[49, 120]
[51, 120]
[0, -2]
[0, -1]
[49, 240]
[61, 240]
[54, 240]
[51, 240]
[0, -2]
[0, -1]
[49, 120]
[54, 120]
[61, 120]
[51, 120]
[0, -2]
[0, -1]
[49, 240]
[53, 240]
[61, 240]
[0, -2]
[0, -1]
[49, 240]
[61, 240]
[53, 240]
[0, -2]
[0, -1]
[49, 240]
[53, 240]
[61, 240]
[0, -2]
[0, -1]
[53, 240]
[61, 240]
[49, 240]
[0, -2]
[0, -1]
[49, 240]
[53, 240]
[61, 240]
[0, -2]
[0, -1]
[58, 120]
[54, 120]
[0, -2]
[0, -1]
[58, 720]
[54, 720]
[0, -2]
[60, 240]
[63, 120]
[0, -1]
[63, 240]
[54, 480]
[58, 480]
[0, -2]
[60, 240]
[0, -1]
[61, 120]
[56, 120]
[53, 120]
[0, -2]
[0, -1]
[61, 240]
[53, 720]
[0, -2]
[60, 240]
[56, 240]
[53, 480]
[0, -1]
[54, 120]
[51, 120]
[0, -2]
[0, -1]
[54, 720]
[51, 720]
[0, -2]
[58, 240]
[60, 120]
[0, -1]
[60, 240]
[51, 480]
[54, 480]
[0, -2]
[56, 240]
[0, -1]
[61, 120]
[56, 120]
[0, -2]
[0, -1]
[61, 480]
[53, 720]
[0, -2]
[60, 120]
[0, -1]
[60, 480]
[53, 480]
[0, -2]
[0, -1]
[58, 120]
[54, 120]
[0, -2]
[0, -1]
[58, 720]
[54, 720]
[0, -2]
[60, 240]
[63, 120]
[0, -1]
[63, 240]
[54, 480]
[58, 480]
[0, -2]
[60, 240]
[0, -1]
[61, 120]
[56, 120]
[53, 120]
[0, -2]
[0, -1]
[61, 240]
[53, 720]
[0, -2]
[60, 120]
[61, 60]
[60, 60]
[56, 240]
[53, 480]
[0, -1]
[63, 120]
[54, 120]
[58, 120]
[0, -2]
[0, -1]
[63, 240]
[58, 720]
[54, 720]
[0, -2]
[65, 240]
[66, 120]
[0, -1]
[66, 240]
[58, 240]
[0, -2]
[0, -1]
[65, 240]
[60, 240]
[0, -2]
[0, -1]
[61, 1440]
[53, 1440]
[0, -2]
[0, -1]
[68, 240]
[59, 240]
[62, 240]
[65, 240]
[0, -2]
[0, -1]
[68, 360]
[59, 720]
[62, 720]
[65, 720]
[0, -2]
[70, 120]
[68, 120]
[0, -1]
[66, 120]
[59, 120]
[62, 120]
[0, -2]
[0, -1]
[65, 120]
[62, 120]
[59, 120]
[0, -2]
[66, 240]
[0, -1]
[66, 240]
[63, 240]
[58, 240]
[0, -2]
[65, 60]
[66, 60]
[65, 60]
[63, 57]
[63, 720]
[0, -1]
[54, 480]
[58, 480]
[0, -2]
[57, 960]
[65, 360]
[63, 60]
[65, 60]
[63, 240]
[0, -1]
[61, 240]
[57, 480]
[65, 480]
[0, -2]
[60, 240]
[61, 120]
[0, -1]
[61, 480]
[58, 480]
[65, 480]
[0, -2]
[60, 120]
[0, -1]
[60, 480]
[56, 480]
[65, 480]
[0, -2]
[0, -1]
[68, 240]
[59, 240]
[62, 240]
[65, 240]
[0, -2]
[0, -1]
[68, 360]
[59, 720]
[62, 720]
[65, 720]
[0, -2]
[70, 120]
[68, 120]
[0, -1]
[66, 120]
[59, 120]
[62, 120]
[0, -2]
[0, -1]
[65, 120]
[62, 120]
[59, 120]
[0, -2]
[66, 240]
[0, -1]
[66, 240]
[63, 240]
[58, 240]
[0, -2]
[65, 60]
[66, 60]
[65, 60]
[63, 57]
[63, 720]
[0, -1]
[54, 480]
[58, 480]
[0, -2]
[57, 960]
[65, 360]
[63, 60]
[65, 60]
[63, 240]
[0, -1]
[61, 240]
[57, 480]
[65, 480]
[0, -2]
[60, 240]
[61, 120]
[0, -1]
[61, 480]
[58, 480]
[65, 480]
[0, -2]
[60, 120]
[0, -1]
[60, 480]
[56, 480]
[65, 480]
[0, -2]
[0, -1]
[70, 120]
[66, 120]
[0, -2]
[0, -1]
[70, 720]
[66, 720]
[0, -2]
[72, 240]
[75, 120]
[0, -1]
[75, 240]
[66, 480]
[70, 480]
[0, -2]
[72, 240]
[0, -1]
[73, 120]
[68, 120]
[65, 120]
[0, -2]
[0, -1]
[73, 240]
[65, 480]
[68, 480]
[0, -2]
[72, 80]
[73, 80]
[72, 80]
[68, 720]
[65, 480]
[0, -1]
[66, 120]
[63, 120]
[0, -2]
[0, -1]
[66, 720]
[63, 720]
[0, -2]
[70, 240]
[72, 120]
[0, -1]
[72, 240]
[63, 480]
[66, 480]
[0, -2]
[68, 240]
[0, -1]
[73, 120]
[65, 120]
[0, -2]
[0, -1]
[73, 480]
[65, 720]
[68, 720]
[0, -2]
[72, 120]
[0, -1]
[72, 480]
[65, 480]
[68, 480]
[0, -2]
[0, -1]
[70, 120]
[66, 120]
[0, -2]
[0, -1]
[70, 720]
[66, 720]
[0, -2]
[72, 240]
[75, 120]
[0, -1]
[75, 240]
[66, 480]
[70, 480]
[0, -2]
[72, 240]
[0, -1]
[73, 120]
[68, 120]
[65, 120]
[0, -2]
[0, -1]
[73, 240]
[65, 480]
[68, 480]
[0, -2]
[72, 80]
[73, 80]
[72, 80]
[68, 720]
[65, 480]
[0, -1]
[75, 120]
[66, 120]
[70, 120]
[0, -2]
[0, -1]
[75, 240]
[66, 720]
[70, 720]
[0, -2]
[77, 240]
[78, 120]
[0, -1]
[78, 240]
[70, 240]
[0, -2]
[0, -1]
[77, 240]
[68, 240]
[0, -2]
[73, 720]
[65, 60]
[73, 720]
[65, 240]
[0, -1]
[82, 120]
[78, 120]
[73, 120]
[0, -2]
[0, -1]
[82, 480]
[78, 480]
[73, 480]
[0, -2]
[0, -1]
[80, 120]
[75, 120]
[72, 120]
[0, -2]
[0, -1]
[80, 480]
[75, 480]
[72, 480]
[0, -2]
[0, -1]
[73, 120]
[70, 120]
[77, 120]
[0, -2]
[0, -1]
[77, 480]
[73, 480]
[70, 480]
[0, -2]
[0, -1]
[80, 120]
[77, 240]
[71, 240]
[0, -2]
[82, 120]
[0, -1]
[80, 120]
[71, 480]
[0, -2]
[78, 60]
[80, 60]
[78, 120]
[77, 120]
[0, -1]
[70, 120]
[75, 120]
[78, 120]
[0, -2]
[0, -1]
[78, 480]
[75, 480]
[70, 480]
[0, -2]
[0, -1]
[77, 120]
[72, 120]
[68, 120]
[0, -2]
[0, -1]
[77, 480]
[72, 480]
[68, 480]
[0, -2]
[0, -1]
[68, 120]
[65, 120]
[73, 120]
[0, -2]
[0, -1]
[73, 480]
[68, 480]
[65, 480]
[0, -2]
[0, -1]
[65, 120]
[61, 120]
[0, -2]
[0, -1]
[68, 120]
[65, 120]
[61, 120]
[0, -2]
[0, -1]
[70, 120]
[66, 120]
[61, 120]
[0, -2]
[0, -1]
[70, 480]
[66, 480]
[61, 480]
[0, -2]
[0, -1]
[68, 120]
[63, 120]
[60, 120]
[0, -2]
[0, -1]
[68, 480]
[63, 480]
[60, 480]
[0, -2]
[0, -1]
[61, 120]
[65, 120]
[0, -2]
[0, -1]
[65, 480]
[61, 480]
[0, -2]
[0, -1]
[68, 120]
[62, 240]
[0, -2]
[70, 120]
[68, 120]
[62, 480]
[66, 60]
[68, 60]
[66, 120]
[65, 120]
[0, -1]
[66, 120]
[61, 120]
[0, -2]
[0, -1]
[66, 480]
[61, 480]
[0, -2]
[0, -1]
[65, 120]
[60, 120]
[0, -2]
[0, -1]
[65, 480]
[60, 480]
[0, -2]
[0, -1]
[53, 240]
[61, 240]
[0, -2]
[65, 840]
[73, 720]
[0, -1]
[49, 240]
[54, 240]
[58, 240]
[0, -2]
[0, -1]
[58, 120]
[54, 120]
[49, 120]
[0, -2]
[0, -1]
[49, 240]
[61, 240]
[58, 240]
[54, 240]
[0, -2]
[0, -1]
[49, 120]
[61, 120]
[58, 120]
[54, 120]
[0, -2]
[0, -1]
[49, 240]
[53, 240]
[56, 240]
[0, -2]
[0, -1]
[56, 120]
[53, 120]
[49, 120]
[0, -2]
[0, -1]
[49, 240]
[53, 240]
[61, 240]
[0, -2]
[0, -1]
[49, 120]
[53, 120]
[61, 120]
[0, -2]
[0, -1]
[49, 240]
[51, 240]
[54, 240]
[0, -2]
[0, -1]
[54, 120]
[51, 120]
[49, 120]
[0, -2]
[0, -1]
[49, 240]
[61, 240]
[54, 240]
[51, 240]
[0, -2]
[0, -1]
[49, 120]
[61, 120]
[54, 120]
[51, 120]
[0, -2]
[0, -1]
[49, 240]
[53, 240]
[61, 240]
[0, -2]
[0, -1]
[49, 240]
[53, 240]
[61, 240]
[0, -2]
[0, -1]
[49, 240]
[53, 240]
[61, 240]
[0, -2]
[0, -1]
[49, 240]
[53, 240]
[61, 240]
[0, -2]
[0, -1]
[49, 240]
[53, 240]
[61, 240]
[0, -2]
[0, -1]
[49, 226]
[44, 226]
[0, -2]
[0, -1]
[49, 120]
[44, 120]
[0, -2]
[0, -1]
[49, 198]
[44, 198]
[0, -2]
[0, -1]
[49, 120]
[44, 120]
[0, -2]
[0, -1]
[49, 162]
[44, 162]
[0, -2]
[0, -1]
[49, 120]
[44, 120]
[0, -2]
[0, -1]
[49, 198]
[44, 198]
[0, -2]
[0, -1]
[49, 120]
[44, 120]
[0, -2]
[0, -1]
[49, 189]
[44, 189]
[0, -2]
[0, -1]
[49, 120]
[44, 120]
[0, -2]
[0, -1]
[49, 215]
[44, 215]
[0, -2]
[0, -1]
[49, 120]
[44, 120]
[0, -2]
[0, -1]
[49, 120]
[44, 120]
[0, -2]
[0, -1]
[49, 240]
[44, 240]
[0, -2]
[0, -1]
[49, 240]
[44, 240]
[0, -2]
[0, -1]
[49, 160]
[44, 160]
[0, -2]
[0, -1]
[49, 240]
[44, 240]
[0, -2]
[0, -1]
[49, 240]
[44, 240]
[0, -2]
[0, -1]
[49, 48]
[44, 48]
[0, -2]
[56, 240]
[0, -1]
[49, 120]
[44, 120]
[0, -2]
[56, 64]
[0, -1]
[49, 20]
[44, 20]
[56, 240]
[0, -2]
[0, -1]
[49, 120]
[44, 120]
[0, -2]
[56, 64]
[0, -1]
[49, 34]
[44, 34]
[0, -2]
[56, 240]
[0, -1]
[49, 120]
[44, 120]
[0, -2]
[56, 54]
[0, -1]
[44, 184]
[49, 204]
[0, -2]
[56, 240]
[0, -1]
[49, 7]
[44, 7]
[0, -2]
[56, 120]
[0, -1]
[49, 48]
[44, 48]
[0, -2]
[56, 240]
[0, -1]
[49, 120]
[44, 120]
[0, -2]
[56, 64]
[0, -1]
[49, 20]
[44, 20]
[56, 240]
[0, -2]
[0, -1]
[49, 120]
[44, 120]
[0, -2]
[56, 64]
[0, -1]
[49, 34]
[44, 34]
[0, -2]
[56, 240]
[0, -1]
[49, 120]
[44, 120]
[0, -2]
[56, 60]
[0, -1]
[49, 20]
[44, 20]
[56, 240]
[0, -2]
[0, -1]
[49, 7]
[44, 7]
[0, -2]
[56, 120]
[0, -1]
[49, 48]
[44, 48]
[0, -2]
[56, 240]
[0, -1]
[49, 120]
[44, 120]
[0, -2]
[56, 64]
[0, -1]
[49, 20]
[44, 20]
[56, 240]
[0, -2]
[0, -1]
[49, 120]
[44, 120]
[0, -2]
[56, 64]
[0, -1]
[49, 34]
[44, 34]
[0, -2]
[56, 240]
[0, -1]
[49, 120]
[44, 120]
[0, -2]
[56, 30]
[0, -1]
[49, 184]
[44, 184]
[0, -2]
[56, 240]
[0, -1]
[49, 7]
[44, 7]
[0, -2]
[56, 120]
[0, -1]
[49, 48]
[44, 48]
[0, -2]
[56, 240]
[0, -1]
[49, 120]
[44, 120]
[0, -2]
[56, 64]
[0, -1]
[49, 20]
[44, 20]
[56, 240]
[0, -2]
[0, -1]
[49, 120]
[44, 120]
[0, -2]
[56, 64]
[0, -1]
[49, 184]
[44, 184]
[0, -2]
[56, 240]
[0, -1]
[49, 120]
[44, 120]
[0, -2]
[56, 120]
[0, -1]
[49, 194]
[44, 194]
[0, -2]
[56, 240]
[0, -1]
[49, 7]
[44, 7]
[0, -2]
[56, 18]
[37, 540]
[49, 480]
[49, 64]
[37, 664]
[49, 240]
[49, 120]
[37, 198]
[49, 240]
[37, 120]
[49, 120]
[37, 184]
[49, 240]
[37, 7]
[49, 120]
[37, 28]
[49, 240]
[37, 120]
[49, 7]
[37, 240]
[49, 240]
[37, 120]
[49, 64]
[37, 34]
[49, 240]
[37, 120]
[49, 60]
[0, -1]
[37, 20]
[49, 240]
[0, -2]
[37, 7]
[49, 60]
[37, 540]
[49, 480]
[49, 64]
[37, 664]
[49, 240]
[49, 120]
[37, 198]
[49, 240]
[37, 120]
[49, 120]
[37, 184]
[49, 240]
[37, 7]
[49, 120]
[37, 28]
[49, 240]
[37, 120]
[49, 64]
[37, 233]
[49, 240]
[37, 120]
[49, 64]
[37, 34]
[49, 240]
[37, 120]
[49, 60]
[0, -1]
[37, 20]
[49, 240]
[0, -2]
[37, 7]
[49, 120]
[0, -1]
[49, 140]
[44, 140]
[0, -2]
[54, 68]
[58, 120]
[54, 120]
[0, -1]
[49, 120]
[44, 120]
[0, -2]
[54, 64]
[0, -1]
[49, 140]
[44, 140]
[0, -2]
[54, 40]
[60, 120]
[54, 120]
[0, -1]
[49, 120]
[44, 120]
[0, -2]
[54, 64]
[0, -1]
[49, 140]
[44, 140]
[0, -2]
[53, 54]
[61, 120]
[53, 120]
[0, -1]
[49, 120]
[44, 120]
[0, -2]
[53, 14]
[0, -1]
[49, 64]
[44, 64]
[0, -2]
[53, 120]
[56, 120]
[53, 120]
[0, -1]
[49, 7]
[44, 7]
[0, -2]
[53, 120]
[0, -1]
[49, 140]
[44, 140]
[0, -2]
[54, 68]
[58, 120]
[54, 120]
[0, -1]
[49, 120]
[44, 120]
[0, -2]
[54, 64]
[0, -1]
[49, 140]
[44, 140]
[0, -2]
[54, 40]
[60, 120]
[54, 120]
[0, -1]
[49, 120]
[44, 120]
[0, -2]
[54, 64]
[0, -1]
[49, 140]
[44, 140]
[0, -2]
[53, 54]
[61, 120]
[53, 120]
[0, -1]
[49, 120]
[44, 120]
[0, -2]
[53, 60]
[0, -1]
[49, 140]
[44, 140]
[0, -2]
[53, 40]
[56, 120]
[53, 120]
[0, -1]
[49, 7]
[44, 7]
[0, -2]
[53, 120]
[0, -1]
[49, 140]
[44, 140]
[0, -2]
[54, 68]
[58, 120]
[54, 120]
[0, -1]
[49, 120]
[44, 120]
[0, -2]
[54, 64]
[0, -1]
[49, 140]
[44, 140]
[0, -2]
[54, 40]
[60, 120]
[54, 120]
[0, -1]
[49, 120]
[44, 120]
[0, -2]
[54, 64]
[0, -1]
[49, 140]
[44, 140]
[0, -2]
[53, 54]
[61, 120]
[53, 120]
[0, -1]
[49, 120]
[44, 120]
[0, -2]
[53, 14]
[0, -1]
[49, 64]
[44, 64]
[0, -2]
[53, 120]
[56, 120]
[53, 120]
[0, -1]
[49, 7]
[44, 7]
[0, -2]
[53, 120]
[0, -1]
[49, 140]
[44, 140]
[0, -2]
[54, 68]
[58, 120]
[54, 120]
[0, -1]
[49, 120]
[44, 120]
[0, -2]
[54, 64]
[0, -1]
[49, 140]
[44, 140]
[0, -2]
[54, 40]
[60, 120]
[54, 120]
[0, -1]
[49, 120]
[44, 120]
[0, -2]
[54, 64]
[0, -1]
[44, 120]
[37, 120]
[0, -2]
[49, 14]
[53, 120]
[56, 120]
[61, 120]
[56, 127]
[49, 219]
[58, 360]
[49, 120]
[49, 155]
[60, 424]
[49, 184]
[49, 219]
[61, 300]
[49, 60]
[49, 240]
[62, 424]
[49, 184]
[49, 219]
[63, 360]
[49, 120]
[49, 155]
[56, 424]
[49, 184]
[49, 219]
[61, 300]
[49, 60]
[49, 240]
[56, 424]
[49, 184]
[54, 579]
[44, 240]
[44, 120]
[56, 579]
[44, 240]
[44, 184]
[58, 519]
[44, 240]
[44, 60]
[59, 664]
[44, 240]
[44, 184]
[58, 529]
[44, 240]
[44, 120]
[56, 395]
[44, 424]
[54, 184]
[0, -1]
[44, 85]
[37, 85]
[0, -2]
[49, 120]
[53, 120]
[56, 120]
[61, 120]
[0, -1]
[49, 226]
[44, 226]
[0, -2]
[0, -1]
[49, 120]
[44, 120]
[0, -2]
[0, -1]
[49, 198]
[44, 198]
[0, -2]
[0, -1]
[49, 120]
[44, 120]
[0, -2]
[0, -1]
[49, 162]
[44, 162]
[0, -2]
[0, -1]
[49, 120]
[44, 120]
[0, -2]
[0, -1]
[49, 198]
[44, 198]
[0, -2]
[0, -1]
[49, 120]
[44, 120]
[0, -2]
[0, -1]
[49, 189]
[44, 189]
[0, -2]
[0, -1]
[49, 120]
[44, 120]
[0, -2]
[0, -1]
[49, 215]
[44, 215]
[0, -2]
[0, -1]
[49, 120]
[44, 120]
[0, -2]
[0, -1]
[49, 120]
[44, 120]
[0, -2]
[0, -1]
[49, 240]
[44, 240]
[0, -2]
[0, -1]
[49, 240]
[44, 240]
[0, -2]
[0, -1]
[49, 160]
[44, 160]
[0, -2]
[0, -1]
[49, 240]
[44, 240]
[0, -2]
[0, -1]
[49, 240]
[44, 240]
[0, -2]
