[0, -1]
[66, 1040]
[76, 1040]
[0, -2]
[0, -1]
[66, 1019]
[76, 1019]
[0, -2]
[0, -1]
[66, 1012]
[76, 1012]
[0, -2]
[0, -1]
[66, 1019]
[72, 1019]
[0, -2]
[0, -1]
[66, 1011]
[76, 1011]
[0, -2]
[0, -1]
[67, 1050]
[71, 1050]
[79, 1050]
[0, -2]
[67, 1050]
[0, -1]
[64, 1050]
[72, 1050]
[0, -2]
[0, -1]
[60, 1012]
[67, 1012]
[0, -2]
[0, -1]
[55, 1011]
[64, 1011]
[0, -2]
[0, -1]
[60, 1019]
[69, 1019]
[0, -2]
[0, -1]
[62, 1012]
[71, 1012]
[0, -2]
[0, -1]
[61, 1019]
[70, 1019]
[0, -2]
[0, -1]
[60, 1011]
[69, 1011]
[0, -2]
[0, -1]
[60, 704]
[67, 704]
[0, -2]
[0, -1]
[67, 681]
[76, 681]
[0, -2]
[0, -1]
[71, 661]
[79, 661]
[0, -2]
[0, -1]
[72, 1050]
[81, 1050]
[0, -2]
[0, -1]
[69, 1011]
[77, 1011]
[0, -2]
[0, -1]
[71, 1012]
[79, 1012]
[0, -2]
[0, -1]
[69, 1019]
[76, 1019]
[0, -2]
[0, -1]
[64, 1012]
[72, 1012]
[0, -2]
[0, -1]
[65, 1050]
[74, 1050]
[0, -2]
[0, -1]
[62, 1019]
[71, 1019]
[0, -2]
[0, -1]
[64, 1050]
[72, 1050]
[0, -2]
[0, -1]
[60, 1012]
[67, 1012]
[0, -2]
[0, -1]
[55, 1011]
[64, 1011]
[0, -2]
[0, -1]
[60, 1019]
[69, 1019]
[0, -2]
[0, -1]
[62, 1012]
[71, 1012]
[0, -2]
[0, -1]
[61, 1019]
[70, 1019]
[0, -2]
[0, -1]
[60, 1011]
[69, 1011]
[0, -2]
[0, -1]
[60, 704]
[67, 704]
[0, -2]
[0, -1]
[67, 681]
[76, 681]
[0, -2]
[0, -1]
[71, 661]
[79, 661]
[0, -2]
[0, -1]
[72, 1050]
[81, 1050]
[0, -2]
[0, -1]
[69, 1011]
[77, 1011]
[0, -2]
[0, -1]
[71, 1012]
[79, 1012]
[0, -2]
[0, -1]
[69, 1019]
[76, 1019]
[0, -2]
[0, -1]
[64, 1012]
[72, 1012]
[0, -2]
[0, -1]
[65, 1050]
[74, 1050]
[0, -2]
[0, -1]
[62, 1019]
[71, 1019]
[0, -2]
[0, -1]
[76, 1011]
[79, 1011]
[0, -2]
[0, -1]
[75, 1012]
[78, 1012]
[0, -2]
[0, -1]
[74, 1050]
[77, 1050]
[0, -2]
[0, -1]
[71, 1019]
[75, 1019]
[0, -2]
[0, -1]
[72, 1012]
[76, 1012]
[0, -2]
[0, -1]
[64, 1019]
[68, 1019]
[0, -2]
[0, -1]
[65, 1011]
[69, 1011]
[0, -2]
[0, -1]
[67, 1012]
[72, 1012]
[0, -2]
[0, -1]
[60, 1019]
[69, 1019]
[0, -2]
[0, -1]
[64, 1011]
[72, 1011]
[0, -2]
[0, -1]
[65, 1012]
[74, 1012]
[0, -2]
[0, -1]
[76, 1011]
[79, 1011]
[0, -2]
[0, -1]
[75, 1012]
[78, 1012]
[0, -2]
[0, -1]
[74, 1050]
[77, 1050]
[0, -2]
[0, -1]
[71, 1019]
[75, 1019]
[0, -2]
[0, -1]
[72, 1012]
[76, 1012]
[0, -2]
[0, -1]
[77, 1019]
[79, 1019]
[84, 1019]
[0, -2]
[0, -1]
[77, 1012]
[79, 1012]
[84, 1012]
[0, -2]
[0, -1]
[77, 1050]
[79, 1050]
[84, 1050]
[0, -2]
[0, -1]
[76, 1011]
[79, 1011]
[0, -2]
[0, -1]
[75, 1012]
[78, 1012]
[0, -2]
[0, -1]
[74, 1050]
[77, 1050]
[0, -2]
[0, -1]
[71, 1019]
[75, 1019]
[0, -2]
[0, -1]
[72, 1012]
[76, 1012]
[0, -2]
[0, -1]
[64, 1019]
[68, 1019]
[0, -2]
[0, -1]
[65, 1011]
[69, 1011]
[0, -2]
[0, -1]
[67, 1012]
[72, 1012]
[0, -2]
[0, -1]
[60, 1019]
[69, 1019]
[0, -2]
[0, -1]
[64, 1011]
[72, 1011]
[0, -2]
[0, -1]
[65, 1012]
[74, 1012]
[0, -2]
[0, -1]
[68, 1011]
[75, 1011]
[0, -2]
[0, -1]
[65, 1019]
[74, 1019]
[0, -2]
[0, -1]
[64, 1050]
[72, 1050]
[0, -2]
[0, -1]
[76, 1011]
[79, 1011]
[0, -2]
[0, -1]
[75, 1012]
[78, 1012]
[0, -2]
[0, -1]
[74, 1050]
[77, 1050]
[0, -2]
[0, -1]
[71, 1019]
[75, 1019]
[0, -2]
[0, -1]
[72, 1012]
[76, 1012]
[0, -2]
[0, -1]
[64, 1019]
[68, 1019]
[0, -2]
[0, -1]
[65, 1011]
[69, 1011]
[0, -2]
[0, -1]
[67, 1012]
[72, 1012]
[0, -2]
[0, -1]
[60, 1019]
[69, 1019]
[0, -2]
[0, -1]
[64, 1011]
[72, 1011]
[0, -2]
[0, -1]
[65, 1012]
[74, 1012]
[0, -2]
[0, -1]
[76, 1011]
[79, 1011]
[0, -2]
[0, -1]
[75, 1012]
[78, 1012]
[0, -2]
[0, -1]
[74, 1050]
[77, 1050]
[0, -2]
[0, -1]
[71, 1019]
[75, 1019]
[0, -2]
[0, -1]
[72, 1012]
[76, 1012]
[0, -2]
[0, -1]
[77, 1019]
[79, 1019]
[84, 1019]
[0, -2]
[0, -1]
[77, 1012]
[79, 1012]
[84, 1012]
[0, -2]
[0, -1]
[77, 1050]
[79, 1050]
[84, 1050]
[0, -2]
[0, -1]
[76, 1011]
[79, 1011]
[0, -2]
[0, -1]
[75, 1012]
[78, 1012]
[0, -2]
[0, -1]
[74, 1050]
[77, 1050]
[0, -2]
[0, -1]
[71, 1019]
[75, 1019]
[0, -2]
[0, -1]
[72, 1012]
[76, 1012]
[0, -2]
[0, -1]
[64, 1019]
[68, 1019]
[0, -2]
[0, -1]
[65, 1011]
[69, 1011]
[0, -2]
[0, -1]
[67, 1012]
[72, 1012]
[0, -2]
[0, -1]
[60, 1019]
[69, 1019]
[0, -2]
[0, -1]
[64, 1011]
[72, 1011]
[0, -2]
[0, -1]
[65, 1012]
[74, 1012]
[0, -2]
[0, -1]
[68, 1011]
[75, 1011]
[0, -2]
[0, -1]
[65, 1019]
[74, 1019]
[0, -2]
[0, -1]
[64, 1050]
[72, 1050]
[0, -2]
[0, -1]
[68, 1050]
[72, 1050]
[0, -2]
[0, -1]
[68, 1019]
[72, 1019]
[0, -2]
[0, -1]
[68, 1012]
[72, 1012]
[0, -2]
[0, -1]
[68, 1019]
[72, 1019]
[0, -2]
[0, -1]
[70, 1011]
[74, 1011]
[0, -2]
[0, -1]
[67, 1050]
[76, 1050]
[0, -2]
[0, -1]
[64, 1019]
[72, 1019]
[0, -2]
[0, -1]
[64, 1012]
[69, 1012]
[0, -2]
[0, -1]
[60, 1050]
[67, 1050]
[0, -2]
[0, -1]
[68, 1050]
[72, 1050]
[0, -2]
[0, -1]
[68, 1019]
[72, 1019]
[0, -2]
[0, -1]
[68, 1012]
[72, 1012]
[0, -2]
[0, -1]
[68, 1019]
[72, 1019]
[0, -2]
[0, -1]
[70, 1011]
[74, 1011]
[0, -2]
[0, -1]
[67, 1012]
[76, 1012]
[0, -2]
[0, -1]
[68, 1050]
[72, 1050]
[0, -2]
[0, -1]
[68, 1019]
[72, 1019]
[0, -2]
[0, -1]
[68, 1012]
[72, 1012]
[0, -2]
[0, -1]
[68, 1019]
[72, 1019]
[0, -2]
[0, -1]
[70, 1011]
[74, 1011]
[0, -2]
[0, -1]
[67, 1050]
[76, 1050]
[0, -2]
[0, -1]
[64, 1019]
[72, 1019]
[0, -2]
[0, -1]
[64, 1012]
[69, 1012]
[0, -2]
[0, -1]
[60, 1050]
[67, 1050]
[0, -2]
[0, -1]
[66, 1050]
[76, 1050]
[0, -2]
[0, -1]
[66, 1019]
[76, 1019]
[0, -2]
[0, -1]
[66, 1012]
[76, 1012]
[0, -2]
[0, -1]
[66, 1019]
[72, 1019]
[0, -2]
[0, -1]
[66, 1011]
[76, 1011]
[0, -2]
[0, -1]
[67, 1050]
[71, 1050]
[79, 1050]
[0, -2]
[67, 1050]
[0, -1]
[64, 1050]
[72, 1050]
[0, -2]
[0, -1]
[60, 1012]
[67, 1012]
[0, -2]
[0, -1]
[55, 1011]
[64, 1011]
[0, -2]
[0, -1]
[60, 1019]
[69, 1019]
[0, -2]
[0, -1]
[62, 1012]
[71, 1012]
[0, -2]
[0, -1]
[61, 1019]
[70, 1019]
[0, -2]
[0, -1]
[60, 1011]
[69, 1011]
[0, -2]
[0, -1]
[60, 704]
[67, 704]
[0, -2]
[0, -1]
[67, 681]
[76, 681]
[0, -2]
[0, -1]
[71, 661]
[79, 661]
[0, -2]
[0, -1]
[72, 1050]
[81, 1050]
[0, -2]
[0, -1]
[69, 1011]
[77, 1011]
[0, -2]
[0, -1]
[71, 1012]
[79, 1012]
[0, -2]
[0, -1]
[69, 1019]
[76, 1019]
[0, -2]
[0, -1]
[64, 1012]
[72, 1012]
[0, -2]
[0, -1]
[65, 1050]
[74, 1050]
[0, -2]
[0, -1]
[62, 1019]
[71, 1019]
[0, -2]
[0, -1]
[64, 1050]
[72, 1050]
[0, -2]
[0, -1]
[60, 1012]
[67, 1012]
[0, -2]
[0, -1]
[55, 1011]
[64, 1011]
[0, -2]
[0, -1]
[60, 1019]
[69, 1019]
[0, -2]
[0, -1]
[62, 1012]
[71, 1012]
[0, -2]
[0, -1]
[61, 1019]
[70, 1019]
[0, -2]
[0, -1]
[60, 1011]
[69, 1011]
[0, -2]
[0, -1]
[60, 704]
[67, 704]
[0, -2]
[0, -1]
[67, 681]
[76, 681]
[0, -2]
[0, -1]
[71, 661]
[79, 661]
[0, -2]
[0, -1]
[72, 1050]
[81, 1050]
[0, -2]
[0, -1]
[69, 1011]
[77, 1011]
[0, -2]
[0, -1]
[71, 1012]
[79, 1012]
[0, -2]
[0, -1]
[69, 1019]
[76, 1019]
[0, -2]
[0, -1]
[64, 1012]
[72, 1012]
[0, -2]
[0, -1]
[65, 1050]
[74, 1050]
[0, -2]
[0, -1]
[62, 1019]
[71, 1019]
[0, -2]
[0, -1]
[72, 1050]
[76, 1050]
[0, -2]
[0, -1]
[69, 1019]
[72, 1019]
[0, -2]
[0, -1]
[64, 1012]
[67, 1012]
[0, -2]
[0, -1]
[64, 1011]
[68, 1011]
[0, -2]
[0, -1]
[65, 1050]
[69, 1050]
[0, -2]
[0, -1]
[72, 1019]
[77, 1019]
[0, -2]
[0, -1]
[72, 1012]
[77, 1012]
[0, -2]
[0, -1]
[65, 1050]
[69, 1050]
[0, -2]
[0, -1]
[67, 704]
[71, 704]
[0, -2]
[0, -1]
[77, 681]
[81, 681]
[0, -2]
[0, -1]
[77, 661]
[81, 661]
[0, -2]
[0, -1]
[77, 704]
[81, 704]
[0, -2]
[0, -1]
[76, 681]
[79, 681]
[0, -2]
[0, -1]
[74, 661]
[77, 661]
[0, -2]
[0, -1]
[72, 1050]
[76, 1050]
[0, -2]
[0, -1]
[69, 1019]
[72, 1019]
[0, -2]
[0, -1]
[65, 1012]
[69, 1012]
[0, -2]
[0, -1]
[64, 1050]
[67, 1050]
[0, -2]
[0, -1]
[72, 1050]
[76, 1050]
[0, -2]
[0, -1]
[69, 1019]
[72, 1019]
[0, -2]
[0, -1]
[64, 1012]
[67, 1012]
[0, -2]
[0, -1]
[64, 1011]
[68, 1011]
[0, -2]
[0, -1]
[65, 1050]
[69, 1050]
[0, -2]
[0, -1]
[72, 1019]
[77, 1019]
[0, -2]
[0, -1]
[72, 1012]
[77, 1012]
[0, -2]
[0, -1]
[65, 1050]
[69, 1050]
[0, -2]
[0, -1]
[67, 1050]
[71, 1050]
[0, -2]
[0, -1]
[74, 1019]
[77, 1019]
[0, -2]
[0, -1]
[74, 1012]
[77, 1012]
[0, -2]
[0, -1]
[74, 704]
[77, 704]
[0, -2]
[0, -1]
[72, 681]
[76, 681]
[0, -2]
[0, -1]
[71, 661]
[74, 661]
[0, -2]
[0, -1]
[67, 1050]
[72, 1050]
[0, -2]
[64, 1019]
[64, 1012]
[60, 1050]
[0, -1]
[72, 1050]
[76, 1050]
[0, -2]
[0, -1]
[69, 1019]
[72, 1019]
[0, -2]
[0, -1]
[64, 1012]
[67, 1012]
[0, -2]
[0, -1]
[64, 1011]
[68, 1011]
[0, -2]
[0, -1]
[65, 1050]
[69, 1050]
[0, -2]
[0, -1]
[72, 1019]
[77, 1019]
[0, -2]
[0, -1]
[72, 1012]
[77, 1012]
[0, -2]
[0, -1]
[65, 1050]
[69, 1050]
[0, -2]
[0, -1]
[67, 704]
[71, 704]
[0, -2]
[0, -1]
[77, 681]
[81, 681]
[0, -2]
[0, -1]
[77, 661]
[81, 661]
[0, -2]
[0, -1]
[77, 704]
[81, 704]
[0, -2]
[0, -1]
[76, 681]
[79, 681]
[0, -2]
[0, -1]
[74, 661]
[77, 661]
[0, -2]
[0, -1]
[72, 1050]
[76, 1050]
[0, -2]
[0, -1]
[69, 1019]
[72, 1019]
[0, -2]
[0, -1]
[65, 1012]
[69, 1012]
[0, -2]
[0, -1]
[64, 1050]
[67, 1050]
[0, -2]
[0, -1]
[72, 1050]
[76, 1050]
[0, -2]
[0, -1]
[69, 1019]
[72, 1019]
[0, -2]
[0, -1]
[64, 1012]
[67, 1012]
[0, -2]
[0, -1]
[64, 1011]
[68, 1011]
[0, -2]
[0, -1]
[65, 1050]
[69, 1050]
[0, -2]
[0, -1]
[72, 1019]
[77, 1019]
[0, -2]
[0, -1]
[72, 1012]
[77, 1012]
[0, -2]
[0, -1]
[65, 1050]
[69, 1050]
[0, -2]
[0, -1]
[67, 1050]
[71, 1050]
[0, -2]
[0, -1]
[74, 1019]
[77, 1019]
[0, -2]
[0, -1]
[74, 1012]
[77, 1012]
[0, -2]
[0, -1]
[74, 704]
[77, 704]
[0, -2]
[0, -1]
[72, 681]
[76, 681]
[0, -2]
[0, -1]
[71, 661]
[74, 661]
[0, -2]
[0, -1]
[67, 1050]
[72, 1050]
[0, -2]
[64, 1019]
[64, 1012]
[60, 1050]
[0, -1]
[68, 1050]
[72, 1050]
[0, -2]
[0, -1]
[68, 1019]
[72, 1019]
[0, -2]
[0, -1]
[68, 1012]
[72, 1012]
[0, -2]
[0, -1]
[68, 1019]
[72, 1019]
[0, -2]
[0, -1]
[70, 1011]
[74, 1011]
[0, -2]
[0, -1]
[67, 1050]
[76, 1050]
[0, -2]
[0, -1]
[64, 1019]
[72, 1019]
[0, -2]
[0, -1]
[64, 1012]
[69, 1012]
[0, -2]
[0, -1]
[60, 1050]
[67, 1050]
[0, -2]
[0, -1]
[68, 1050]
[72, 1050]
[0, -2]
[0, -1]
[68, 1019]
[72, 1019]
[0, -2]
[0, -1]
[68, 1012]
[72, 1012]
[0, -2]
[0, -1]
[68, 1019]
[72, 1019]
[0, -2]
[0, -1]
[70, 1011]
[74, 1011]
[0, -2]
[0, -1]
[67, 1012]
[76, 1012]
[0, -2]
[0, -1]
[68, 1050]
[72, 1050]
[0, -2]
[0, -1]
[68, 1019]
[72, 1019]
[0, -2]
[0, -1]
[68, 1012]
[72, 1012]
[0, -2]
[0, -1]
[68, 1019]
[72, 1019]
[0, -2]
[0, -1]
[70, 1011]
[74, 1011]
[0, -2]
[0, -1]
[67, 1050]
[76, 1050]
[0, -2]
[0, -1]
[64, 1019]
[72, 1019]
[0, -2]
[0, -1]
[64, 1012]
[69, 1012]
[0, -2]
[0, -1]
[60, 1050]
[67, 1050]
[0, -2]
[0, -1]
[66, 1050]
[76, 1050]
[0, -2]
[0, -1]
[66, 1019]
[76, 1019]
[0, -2]
[0, -1]
[66, 1012]
[76, 1012]
[0, -2]
[0, -1]
[66, 1019]
[72, 1019]
[0, -2]
[0, -1]
[66, 1011]
[76, 1011]
[0, -2]
[0, -1]
[67, 1050]
[71, 1050]
[79, 1050]
[0, -2]
[67, 1050]
[0, -1]
[72, 1050]
[76, 1050]
[0, -2]
[0, -1]
[69, 1019]
[72, 1019]
[0, -2]
[0, -1]
[64, 1012]
[67, 1012]
[0, -2]
[0, -1]
[64, 1011]
[68, 1011]
[0, -2]
[0, -1]
[65, 1050]
[69, 1050]
[0, -2]
[0, -1]
[72, 1019]
[77, 1019]
[0, -2]
[0, -1]
[72, 1012]
[77, 1012]
[0, -2]
[0, -1]
[65, 1050]
[69, 1050]
[0, -2]
[0, -1]
[67, 704]
[71, 704]
[0, -2]
[0, -1]
[77, 681]
[81, 681]
[0, -2]
[0, -1]
[77, 661]
[81, 661]
[0, -2]
[0, -1]
[77, 704]
[81, 704]
[0, -2]
[0, -1]
[76, 681]
[79, 681]
[0, -2]
[0, -1]
[74, 661]
[77, 661]
[0, -2]
[0, -1]
[72, 1050]
[76, 1050]
[0, -2]
[0, -1]
[69, 1019]
[72, 1019]
[0, -2]
[0, -1]
[65, 1012]
[69, 1012]
[0, -2]
[0, -1]
[64, 1050]
[67, 1050]
[0, -2]
[0, -1]
[72, 1050]
[76, 1050]
[0, -2]
[0, -1]
[69, 1019]
[72, 1019]
[0, -2]
[0, -1]
[64, 1012]
[67, 1012]
[0, -2]
[0, -1]
[64, 1011]
[68, 1011]
[0, -2]
[0, -1]
[65, 1050]
[69, 1050]
[0, -2]
[0, -1]
[72, 1019]
[77, 1019]
[0, -2]
[0, -1]
[72, 1012]
[77, 1012]
[0, -2]
[0, -1]
[65, 1050]
[69, 1050]
[0, -2]
[0, -1]
[67, 1050]
[71, 1050]
[0, -2]
[0, -1]
[74, 1019]
[77, 1019]
[0, -2]
[0, -1]
[74, 1012]
[77, 1012]
[0, -2]
[0, -1]
[74, 704]
[77, 704]
[0, -2]
[0, -1]
[72, 681]
[76, 681]
[0, -2]
[0, -1]
[71, 661]
[74, 661]
[0, -2]
[0, -1]
[67, 1050]
[72, 1050]
[0, -2]
[64, 1019]
[64, 1012]
[60, 1050]
[0, -1]
[64, 1050]
[72, 1050]
[0, -2]
[0, -1]
[60, 1012]
[67, 1012]
[0, -2]
[0, -1]
[55, 1011]
[64, 1011]
[0, -2]
[0, -1]
[60, 1019]
[69, 1019]
[0, -2]
[0, -1]
[62, 1012]
[71, 1012]
[0, -2]
[0, -1]
[61, 1019]
[70, 1019]
[0, -2]
[0, -1]
[60, 1011]
[69, 1011]
[0, -2]
[0, -1]
[60, 704]
[67, 704]
[0, -2]
[0, -1]
[67, 681]
[76, 681]
[0, -2]
[0, -1]
[71, 661]
[79, 661]
[0, -2]
[0, -1]
[72, 1050]
[81, 1050]
[0, -2]
[0, -1]
[69, 1011]
[77, 1011]
[0, -2]
[0, -1]
[71, 1012]
[79, 1012]
[0, -2]
[0, -1]
[69, 1019]
[76, 1019]
[0, -2]
[0, -1]
[64, 1012]
[72, 1012]
[0, -2]
[0, -1]
[65, 1050]
[74, 1050]
[0, -2]
[0, -1]
[62, 1019]
[71, 1019]
[0, -2]
[0, -1]
[64, 1050]
[72, 1050]
[0, -2]
[0, -1]
[60, 1012]
[67, 1012]
[0, -2]
[0, -1]
[55, 1011]
[64, 1011]
[0, -2]
[0, -1]
[60, 1019]
[69, 1019]
[0, -2]
[0, -1]
[62, 1012]
[71, 1012]
[0, -2]
[0, -1]
[61, 1019]
[70, 1019]
[0, -2]
[0, -1]
[60, 1011]
[69, 1011]
[0, -2]
[0, -1]
[60, 704]
[67, 704]
[0, -2]
[0, -1]
[67, 681]
[76, 681]
[0, -2]
[0, -1]
[71, 661]
[79, 661]
[0, -2]
[0, -1]
[72, 1050]
[81, 1050]
[0, -2]
[0, -1]
[69, 1011]
[77, 1011]
[0, -2]
[0, -1]
[71, 1012]
[79, 1012]
[0, -2]
[0, -1]
[69, 1019]
[76, 1019]
[0, -2]
[0, -1]
[64, 1012]
[72, 1012]
[0, -2]
[0, -1]
[65, 1050]
[74, 1050]
[0, -2]
[0, -1]
[62, 1019]
[71, 1019]
[0, -2]
[0, -1]
[76, 1011]
[79, 1011]
[0, -2]
[0, -1]
[75, 1012]
[78, 1012]
[0, -2]
[0, -1]
[74, 1050]
[77, 1050]
[0, -2]
[0, -1]
[71, 1019]
[75, 1019]
[0, -2]
[0, -1]
[72, 1012]
[76, 1012]
[0, -2]
[0, -1]
[64, 1019]
[68, 1019]
[0, -2]
[0, -1]
[65, 1011]
[69, 1011]
[0, -2]
[0, -1]
[67, 1012]
[72, 1012]
[0, -2]
[0, -1]
[60, 1019]
[69, 1019]
[0, -2]
[0, -1]
[64, 1011]
[72, 1011]
[0, -2]
[0, -1]
[65, 1012]
[74, 1012]
[0, -2]
[0, -1]
[76, 1011]
[79, 1011]
[0, -2]
[0, -1]
[75, 1012]
[78, 1012]
[0, -2]
[0, -1]
[74, 1050]
[77, 1050]
[0, -2]
[0, -1]
[71, 1019]
[75, 1019]
[0, -2]
[0, -1]
[72, 1012]
[76, 1012]
[0, -2]
[0, -1]
[77, 1019]
[79, 1019]
[84, 1019]
[0, -2]
[0, -1]
[77, 1012]
[79, 1012]
[84, 1012]
[0, -2]
[0, -1]
[77, 1050]
[79, 1050]
[84, 1050]
[0, -2]
[0, -1]
[76, 1011]
[79, 1011]
[0, -2]
[0, -1]
[75, 1012]
[78, 1012]
[0, -2]
[0, -1]
[74, 1050]
[77, 1050]
[0, -2]
[0, -1]
[71, 1019]
[75, 1019]
[0, -2]
[0, -1]
[72, 1012]
[76, 1012]
[0, -2]
[0, -1]
[64, 1019]
[68, 1019]
[0, -2]
[0, -1]
[65, 1011]
[69, 1011]
[0, -2]
[0, -1]
[67, 1012]
[72, 1012]
[0, -2]
[0, -1]
[60, 1019]
[69, 1019]
[0, -2]
[0, -1]
[64, 1011]
[72, 1011]
[0, -2]
[0, -1]
[65, 1012]
[74, 1012]
[0, -2]
[0, -1]
[68, 1011]
[75, 1011]
[0, -2]
[0, -1]
[65, 1019]
[74, 1019]
[0, -2]
[0, -1]
[64, 1050]
[72, 1050]
[0, -2]
[0, -1]
[76, 1011]
[79, 1011]
[0, -2]
[0, -1]
[75, 1012]
[78, 1012]
[0, -2]
[0, -1]
[74, 1050]
[77, 1050]
[0, -2]
[0, -1]
[71, 1019]
[75, 1019]
[0, -2]
[0, -1]
[72, 1012]
[76, 1012]
[0, -2]
[0, -1]
[64, 1019]
[68, 1019]
[0, -2]
[0, -1]
[65, 1011]
[69, 1011]
[0, -2]
[0, -1]
[67, 1012]
[72, 1012]
[0, -2]
[0, -1]
[60, 1019]
[69, 1019]
[0, -2]
[0, -1]
[64, 1011]
[72, 1011]
[0, -2]
[0, -1]
[65, 1012]
[74, 1012]
[0, -2]
[0, -1]
[76, 1011]
[79, 1011]
[0, -2]
[0, -1]
[75, 1012]
[78, 1012]
[0, -2]
[0, -1]
[74, 1050]
[77, 1050]
[0, -2]
[0, -1]
[71, 1019]
[75, 1019]
[0, -2]
[0, -1]
[72, 1012]
[76, 1012]
[0, -2]
[0, -1]
[77, 1019]
[79, 1019]
[84, 1019]
[0, -2]
[0, -1]
[77, 1012]
[79, 1012]
[84, 1012]
[0, -2]
[0, -1]
[77, 1050]
[79, 1050]
[84, 1050]
[0, -2]
[0, -1]
[76, 1011]
[79, 1011]
[0, -2]
[0, -1]
[75, 1012]
[78, 1012]
[0, -2]
[0, -1]
[74, 1050]
[77, 1050]
[0, -2]
[0, -1]
[71, 1019]
[75, 1019]
[0, -2]
[0, -1]
[72, 1012]
[76, 1012]
[0, -2]
[0, -1]
[64, 1019]
[68, 1019]
[0, -2]
[0, -1]
[65, 1011]
[69, 1011]
[0, -2]
[0, -1]
[67, 1012]
[72, 1012]
[0, -2]
[0, -1]
[60, 1019]
[69, 1019]
[0, -2]
[0, -1]
[64, 1011]
[72, 1011]
[0, -2]
[0, -1]
[65, 1012]
[74, 1012]
[0, -2]
[0, -1]
[68, 1011]
[75, 1011]
[0, -2]
[0, -1]
[65, 1019]
[74, 1019]
[0, -2]
[0, -1]
[64, 1050]
[72, 1050]
[0, -2]
[0, -1]
[68, 1050]
[72, 1050]
[0, -2]
[0, -1]
[68, 1019]
[72, 1019]
[0, -2]
[0, -1]
[68, 1012]
[72, 1012]
[0, -2]
[0, -1]
[68, 1019]
[72, 1019]
[0, -2]
[0, -1]
[70, 1011]
[74, 1011]
[0, -2]
[0, -1]
[67, 1050]
[76, 1050]
[0, -2]
[0, -1]
[64, 1019]
[72, 1019]
[0, -2]
[0, -1]
[64, 1012]
[69, 1012]
[0, -2]
[0, -1]
[60, 1050]
[67, 1050]
[0, -2]
[0, -1]
[68, 1050]
[72, 1050]
[0, -2]
[0, -1]
[68, 1019]
[72, 1019]
[0, -2]
[0, -1]
[68, 1012]
[72, 1012]
[0, -2]
[0, -1]
[68, 1019]
[72, 1019]
[0, -2]
[0, -1]
[70, 1011]
[74, 1011]
[0, -2]
[0, -1]
[67, 1012]
[76, 1012]
[0, -2]
[0, -1]
[68, 1050]
[72, 1050]
[0, -2]
[0, -1]
[68, 1019]
[72, 1019]
[0, -2]
[0, -1]
[68, 1012]
[72, 1012]
[0, -2]
[0, -1]
[68, 1019]
[72, 1019]
[0, -2]
[0, -1]
[70, 1011]
[74, 1011]
[0, -2]
[0, -1]
[67, 1050]
[76, 1050]
[0, -2]
[0, -1]
[64, 1019]
[72, 1019]
[0, -2]
[0, -1]
[64, 1012]
[69, 1012]
[0, -2]
[0, -1]
[60, 1050]
[67, 1050]
[0, -2]
[0, -1]
[66, 1050]
[76, 1050]
[0, -2]
[0, -1]
[66, 1019]
[76, 1019]
[0, -2]
[0, -1]
[66, 1012]
[76, 1012]
[0, -2]
[0, -1]
[66, 1019]
[72, 1019]
[0, -2]
[0, -1]
[66, 1011]
[76, 1011]
[0, -2]
[0, -1]
[67, 1050]
[71, 1050]
[79, 1050]
[0, -2]
[67, 1050]
[0, -1]
[64, 1050]
[72, 1050]
[0, -2]
[0, -1]
[60, 1012]
[67, 1012]
[0, -2]
[0, -1]
[55, 1011]
[64, 1011]
[0, -2]
[0, -1]
[60, 1019]
[69, 1019]
[0, -2]
[0, -1]
[62, 1012]
[71, 1012]
[0, -2]
[0, -1]
[61, 1019]
[70, 1019]
[0, -2]
[0, -1]
[60, 1011]
[69, 1011]
[0, -2]
[0, -1]
[60, 704]
[67, 704]
[0, -2]
[0, -1]
[67, 681]
[76, 681]
[0, -2]
[0, -1]
[71, 661]
[79, 661]
[0, -2]
[0, -1]
[72, 1050]
[81, 1050]
[0, -2]
[0, -1]
[69, 1011]
[77, 1011]
[0, -2]
[0, -1]
[71, 1012]
[79, 1012]
[0, -2]
[0, -1]
[69, 1019]
[76, 1019]
[0, -2]
[0, -1]
[64, 1012]
[72, 1012]
[0, -2]
[0, -1]
[65, 1050]
[74, 1050]
[0, -2]
[0, -1]
[62, 1019]
[71, 1019]
[0, -2]
[0, -1]
[64, 1050]
[72, 1050]
[0, -2]
[0, -1]
[60, 1012]
[67, 1012]
[0, -2]
[0, -1]
[55, 1011]
[64, 1011]
[0, -2]
[0, -1]
[60, 1019]
[69, 1019]
[0, -2]
[0, -1]
[62, 1012]
[71, 1012]
[0, -2]
[0, -1]
[61, 1019]
[70, 1019]
[0, -2]
[0, -1]
[60, 1011]
[69, 1011]
[0, -2]
[0, -1]
[60, 704]
[67, 704]
[0, -2]
[0, -1]
[67, 681]
[76, 681]
[0, -2]
[0, -1]
[71, 661]
[79, 661]
[0, -2]
[0, -1]
[72, 1050]
[81, 1050]
[0, -2]
[0, -1]
[69, 1011]
[77, 1011]
[0, -2]
[0, -1]
[71, 1012]
[79, 1012]
[0, -2]
[0, -1]
[69, 1019]
[76, 1019]
[0, -2]
[0, -1]
[64, 1012]
[72, 1012]
[0, -2]
[0, -1]
[65, 1050]
[74, 1050]
[0, -2]
[0, -1]
[62, 1019]
[71, 1019]
[0, -2]
[0, -1]
[72, 1050]
[76, 1050]
[0, -2]
[0, -1]
[69, 1019]
[72, 1019]
[0, -2]
[0, -1]
[64, 1012]
[67, 1012]
[0, -2]
[0, -1]
[64, 1011]
[68, 1011]
[0, -2]
[0, -1]
[65, 1050]
[69, 1050]
[0, -2]
[0, -1]
[72, 1019]
[77, 1019]
[0, -2]
[0, -1]
[72, 1012]
[77, 1012]
[0, -2]
[0, -1]
[65, 1050]
[69, 1050]
[0, -2]
[0, -1]
[67, 704]
[71, 704]
[0, -2]
[0, -1]
[77, 681]
[81, 681]
[0, -2]
[0, -1]
[77, 661]
[81, 661]
[0, -2]
[0, -1]
[77, 704]
[81, 704]
[0, -2]
[0, -1]
[76, 681]
[79, 681]
[0, -2]
[0, -1]
[74, 661]
[77, 661]
[0, -2]
[0, -1]
[72, 1050]
[76, 1050]
[0, -2]
[0, -1]
[69, 1019]
[72, 1019]
[0, -2]
[0, -1]
[65, 1012]
[69, 1012]
[0, -2]
[0, -1]
[64, 1050]
[67, 1050]
[0, -2]
[0, -1]
[72, 1050]
[76, 1050]
[0, -2]
[0, -1]
[69, 1019]
[72, 1019]
[0, -2]
[0, -1]
[64, 1012]
[67, 1012]
[0, -2]
[0, -1]
[64, 1011]
[68, 1011]
[0, -2]
[0, -1]
[65, 1050]
[69, 1050]
[0, -2]
[0, -1]
[72, 1019]
[77, 1019]
[0, -2]
[0, -1]
[72, 1012]
[77, 1012]
[0, -2]
[0, -1]
[65, 1050]
[69, 1050]
[0, -2]
[0, -1]
[67, 1050]
[71, 1050]
[0, -2]
[0, -1]
[74, 1019]
[77, 1019]
[0, -2]
[0, -1]
[74, 1012]
[77, 1012]
[0, -2]
[0, -1]
[74, 704]
[77, 704]
[0, -2]
[0, -1]
[72, 681]
[76, 681]
[0, -2]
[0, -1]
[71, 661]
[74, 661]
[0, -2]
[0, -1]
[67, 1050]
[72, 1050]
[0, -2]
[64, 1019]
[64, 1012]
[60, 1050]
[0, -1]
[72, 1050]
[76, 1050]
[0, -2]
[0, -1]
[69, 1019]
[72, 1019]
[0, -2]
[0, -1]
[64, 1012]
[67, 1012]
[0, -2]
[0, -1]
[64, 1011]
[68, 1011]
[0, -2]
[0, -1]
[65, 1050]
[69, 1050]
[0, -2]
[0, -1]
[72, 1019]
[77, 1019]
[0, -2]
[0, -1]
[72, 1012]
[77, 1012]
[0, -2]
[0, -1]
[65, 1050]
[69, 1050]
[0, -2]
[0, -1]
[67, 704]
[71, 704]
[0, -2]
[0, -1]
[77, 681]
[81, 681]
[0, -2]
[0, -1]
[77, 661]
[81, 661]
[0, -2]
[0, -1]
[77, 704]
[81, 704]
[0, -2]
[0, -1]
[76, 681]
[79, 681]
[0, -2]
[0, -1]
[74, 661]
[77, 661]
[0, -2]
[0, -1]
[72, 1050]
[76, 1050]
[0, -2]
[0, -1]
[69, 1019]
[72, 1019]
[0, -2]
[0, -1]
[65, 1012]
[69, 1012]
[0, -2]
[0, -1]
[64, 1050]
[67, 1050]
[0, -2]
[0, -1]
[72, 1050]
[76, 1050]
[0, -2]
[0, -1]
[69, 1019]
[72, 1019]
[0, -2]
[0, -1]
[64, 1012]
[67, 1012]
[0, -2]
[0, -1]
[64, 1011]
[68, 1011]
[0, -2]
[0, -1]
[65, 1050]
[69, 1050]
[0, -2]
[0, -1]
[72, 1019]
[77, 1019]
[0, -2]
[0, -1]
[72, 1012]
[77, 1012]
[0, -2]
[0, -1]
[65, 1050]
[69, 1050]
[0, -2]
[0, -1]
[67, 1050]
[71, 1050]
[0, -2]
[0, -1]
[74, 1019]
[77, 1019]
[0, -2]
[0, -1]
[74, 1012]
[77, 1012]
[0, -2]
[0, -1]
[74, 704]
[77, 704]
[0, -2]
[0, -1]
[72, 681]
[76, 681]
[0, -2]
[0, -1]
[71, 661]
[74, 661]
[0, -2]
[0, -1]
[67, 1050]
[72, 1050]
[0, -2]
[64, 1019]
[64, 1012]
[60, 1050]
[0, -1]
[68, 1050]
[72, 1050]
[0, -2]
[0, -1]
[68, 1019]
[72, 1019]
[0, -2]
[0, -1]
[68, 1012]
[72, 1012]
[0, -2]
[0, -1]
[68, 1019]
[72, 1019]
[0, -2]
[0, -1]
[70, 1011]
[74, 1011]
[0, -2]
[0, -1]
[67, 1050]
[76, 1050]
[0, -2]
[0, -1]
[64, 1019]
[72, 1019]
[0, -2]
[0, -1]
[64, 1012]
[69, 1012]
[0, -2]
[0, -1]
[60, 1050]
[67, 1050]
[0, -2]
[0, -1]
[68, 1050]
[72, 1050]
[0, -2]
[0, -1]
[68, 1019]
[72, 1019]
[0, -2]
[0, -1]
[68, 1012]
[72, 1012]
[0, -2]
[0, -1]
[68, 1019]
[72, 1019]
[0, -2]
[0, -1]
[70, 1011]
[74, 1011]
[0, -2]
[0, -1]
[67, 1012]
[76, 1012]
[0, -2]
[0, -1]
[68, 1050]
[72, 1050]
[0, -2]
[0, -1]
[68, 1019]
[72, 1019]
[0, -2]
[0, -1]
[68, 1012]
[72, 1012]
[0, -2]
[0, -1]
[68, 1019]
[72, 1019]
[0, -2]
[0, -1]
[70, 1011]
[74, 1011]
[0, -2]
[0, -1]
[67, 1050]
[76, 1050]
[0, -2]
[0, -1]
[64, 1019]
[72, 1019]
[0, -2]
[0, -1]
[64, 1012]
[69, 1012]
[0, -2]
[0, -1]
[60, 1050]
[67, 1050]
[0, -2]
[0, -1]
[66, 1050]
[76, 1050]
[0, -2]
[0, -1]
[66, 1019]
[76, 1019]
[0, -2]
[0, -1]
[66, 1012]
[76, 1012]
[0, -2]
[0, -1]
[66, 1019]
[72, 1019]
[0, -2]
[0, -1]
[66, 1011]
[76, 1011]
[0, -2]
[0, -1]
[67, 1050]
[71, 1050]
[79, 1050]
[0, -2]
[67, 1050]
[0, -1]
[72, 1050]
[76, 1050]
[0, -2]
[0, -1]
[69, 1019]
[72, 1019]
[0, -2]
[0, -1]
[64, 1012]
[67, 1012]
[0, -2]
[0, -1]
[64, 1011]
[68, 1011]
[0, -2]
[0, -1]
[65, 1050]
[69, 1050]
[0, -2]
[0, -1]
[72, 1019]
[77, 1019]
[0, -2]
[0, -1]
[72, 1012]
[77, 1012]
[0, -2]
[0, -1]
[65, 1050]
[69, 1050]
[0, -2]
[0, -1]
[67, 704]
[71, 704]
[0, -2]
[0, -1]
[77, 681]
[81, 681]
[0, -2]
[0, -1]
[77, 661]
[81, 661]
[0, -2]
[0, -1]
[77, 704]
[81, 704]
[0, -2]
[0, -1]
[76, 681]
[79, 681]
[0, -2]
[0, -1]
[74, 661]
[77, 661]
[0, -2]
[0, -1]
[72, 1050]
[76, 1050]
[0, -2]
[0, -1]
[69, 1019]
[72, 1019]
[0, -2]
[0, -1]
[65, 1012]
[69, 1012]
[0, -2]
[0, -1]
[64, 1050]
[67, 1050]
[0, -2]
[0, -1]
[72, 1050]
[76, 1050]
[0, -2]
[0, -1]
[69, 1019]
[72, 1019]
[0, -2]
[0, -1]
[64, 1012]
[67, 1012]
[0, -2]
[0, -1]
[64, 1011]
[68, 1011]
[0, -2]
[0, -1]
[65, 1050]
[69, 1050]
[0, -2]
[0, -1]
[72, 1019]
[77, 1019]
[0, -2]
[0, -1]
[72, 1012]
[77, 1012]
[0, -2]
[0, -1]
[65, 1050]
[69, 1050]
[0, -2]
[0, -1]
[67, 1050]
[71, 1050]
[0, -2]
[0, -1]
[74, 1019]
[77, 1019]
[0, -2]
[0, -1]
[74, 1012]
[77, 1012]
[0, -2]
[0, -1]
[74, 704]
[77, 704]
[0, -2]
[0, -1]
[72, 681]
[76, 681]
[0, -2]
[0, -1]
[71, 661]
[74, 661]
[0, -2]
[0, -1]
[67, 1050]
[72, 1050]
[0, -2]
[64, 1019]
[64, 1012]
[60, 1050]
[50, 1040]
[50, 1019]
[50, 1012]
[50, 1019]
[50, 1011]
[55, 1050]
[55, 1050]
[52, 1012]
[48, 1011]
[53, 1019]
[55, 1012]
[54, 1019]
[53, 1011]
[52, 704]
[60, 681]
[64, 661]
[65, 1050]
[62, 1011]
[64, 1012]
[60, 1019]
[57, 1012]
[59, 1050]
[55, 1019]
[55, 1050]
[52, 1012]
[48, 1011]
[53, 1019]
[55, 1012]
[54, 1019]
[53, 1011]
[52, 704]
[60, 681]
[64, 661]
[65, 1050]
[62, 1011]
[64, 1012]
[60, 1019]
[57, 1012]
[59, 1050]
[55, 1019]
[48, 1050]
[55, 1012]
[60, 1011]
[53, 1050]
[60, 1012]
[60, 1050]
[53, 1011]
[48, 1050]
[52, 1012]
[55, 1011]
[60, 1012]
[55, 1011]
[48, 1050]
[55, 1012]
[60, 1011]
[53, 1050]
[60, 1012]
[60, 1050]
[53, 1011]
[48, 1050]
[56, 1011]
[58, 1019]
[60, 1050]
[55, 1012]
[55, 1050]
[48, 1011]
[48, 1050]
[55, 1012]
[60, 1011]
[53, 1050]
[60, 1012]
[60, 1050]
[53, 1011]
[48, 1050]
[52, 1012]
[55, 1011]
[60, 1012]
[55, 1011]
[48, 1050]
[55, 1012]
[60, 1011]
[53, 1050]
[60, 1012]
[60, 1050]
[53, 1011]
[48, 1050]
[56, 1011]
[58, 1019]
[60, 1050]
[55, 1012]
[55, 1050]
[48, 1011]
[44, 1050]
[51, 1012]
[56, 1011]
[55, 1050]
[48, 1012]
[43, 1011]
[44, 1050]
[51, 1012]
[56, 1011]
[55, 1050]
[48, 1012]
[43, 1011]
[44, 1050]
[51, 1012]
[56, 1011]
[55, 1050]
[48, 1012]
[43, 1011]
[50, 1050]
[50, 1019]
[50, 1012]
[50, 1019]
[50, 1011]
[55, 1050]
[55, 1050]
[52, 1012]
[48, 1011]
[53, 1019]
[55, 1012]
[54, 1019]
[53, 1011]
[52, 704]
[60, 681]
[64, 661]
[65, 1050]
[62, 1011]
[64, 1012]
[60, 1019]
[57, 1012]
[59, 1050]
[55, 1019]
[55, 1050]
[52, 1012]
[48, 1011]
[53, 1019]
[55, 1012]
[54, 1019]
[53, 1011]
[52, 704]
[60, 681]
[64, 661]
[65, 1050]
[62, 1011]
[64, 1012]
[60, 1019]
[57, 1012]
[59, 1050]
[55, 1019]
[48, 1050]
[54, 1012]
[55, 1050]
[60, 1011]
[53, 1050]
[53, 1011]
[60, 1050]
[60, 1019]
[53, 1011]
[50, 1050]
[53, 1012]
[55, 1050]
[59, 1011]
[55, 1050]
[55, 1011]
[60, 1050]
[60, 1019]
[55, 1011]
[48, 1050]
[54, 1012]
[55, 1050]
[60, 1011]
[53, 1050]
[53, 1011]
[60, 1050]
[60, 1019]
[53, 1011]
[55, 1050]
[55, 1012]
[55, 704]
[57, 681]
[59, 661]
[60, 1050]
[55, 1011]
[48, 1050]
[48, 1050]
[54, 1012]
[55, 1050]
[60, 1011]
[53, 1050]
[53, 1011]
[60, 1050]
[60, 1019]
[53, 1011]
[50, 1050]
[53, 1012]
[55, 1050]
[59, 1011]
[55, 1050]
[55, 1011]
[60, 1050]
[60, 1019]
[55, 1011]
[48, 1050]
[54, 1012]
[55, 1050]
[60, 1011]
[53, 1050]
[53, 1011]
[60, 1050]
[60, 1019]
[53, 1011]
[55, 1050]
[55, 1012]
[55, 704]
[57, 681]
[59, 661]
[60, 1050]
[55, 1011]
[48, 1050]
[44, 1050]
[51, 1012]
[56, 1011]
[55, 1050]
[48, 1012]
[43, 1011]
[44, 1050]
[51, 1012]
[56, 1011]
[55, 1050]
[48, 1012]
[43, 1011]
[44, 1050]
[51, 1012]
[56, 1011]
[55, 1050]
[48, 1012]
[43, 1011]
[50, 1050]
[50, 1019]
[50, 1012]
[50, 1019]
[50, 1011]
[55, 1050]
[48, 1050]
[54, 1012]
[55, 1050]
[60, 1011]
[53, 1050]
[53, 1011]
[60, 1050]
[60, 1019]
[53, 1011]
[50, 1050]
[53, 1012]
[55, 1050]
[59, 1011]
[55, 1050]
[55, 1011]
[60, 1050]
[60, 1019]
[55, 1011]
[48, 1050]
[54, 1012]
[55, 1050]
[60, 1011]
[53, 1050]
[53, 1011]
[60, 1050]
[60, 1019]
[53, 1011]
[55, 1050]
[55, 1012]
[55, 704]
[57, 681]
[59, 661]
[60, 1050]
[55, 1011]
[48, 1050]
[55, 1050]
[52, 1012]
[48, 1011]
[53, 1019]
[55, 1012]
[54, 1019]
[53, 1011]
[52, 704]
[60, 681]
[64, 661]
[65, 1050]
[62, 1011]
[64, 1012]
[60, 1019]
[57, 1012]
[59, 1050]
[55, 1019]
[55, 1050]
[52, 1012]
[48, 1011]
[53, 1019]
[55, 1012]
[54, 1019]
[53, 1011]
[52, 704]
[60, 681]
[64, 661]
[65, 1050]
[62, 1011]
[64, 1012]
[60, 1019]
[57, 1012]
[59, 1050]
[55, 1019]
[48, 1050]
[55, 1012]
[60, 1011]
[53, 1050]
[60, 1012]
[60, 1050]
[53, 1011]
[48, 1050]
[52, 1012]
[55, 1011]
[60, 1012]
[55, 1011]
[48, 1050]
[55, 1012]
[60, 1011]
[53, 1050]
[60, 1012]
[60, 1050]
[53, 1011]
[48, 1050]
[56, 1011]
[58, 1019]
[60, 1050]
[55, 1012]
[55, 1050]
[48, 1011]
[48, 1050]
[55, 1012]
[60, 1011]
[53, 1050]
[60, 1012]
[60, 1050]
[53, 1011]
[48, 1050]
[52, 1012]
[55, 1011]
[60, 1012]
[55, 1011]
[48, 1050]
[55, 1012]
[60, 1011]
[53, 1050]
[60, 1012]
[60, 1050]
[53, 1011]
[48, 1050]
[56, 1011]
[58, 1019]
[60, 1050]
[55, 1012]
[55, 1050]
[48, 1011]
[44, 1050]
[51, 1012]
[56, 1011]
[55, 1050]
[48, 1012]
[43, 1011]
[44, 1050]
[51, 1012]
[56, 1011]
[55, 1050]
[48, 1012]
[43, 1011]
[44, 1050]
[51, 1012]
[56, 1011]
[55, 1050]
[48, 1012]
[43, 1011]
[50, 1050]
[50, 1019]
[50, 1012]
[50, 1019]
[50, 1011]
[55, 1050]
[55, 1050]
[52, 1012]
[48, 1011]
[53, 1019]
[55, 1012]
[54, 1019]
[53, 1011]
[52, 704]
[60, 681]
[64, 661]
[65, 1050]
[62, 1011]
[64, 1012]
[60, 1019]
[57, 1012]
[59, 1050]
[55, 1019]
[55, 1050]
[52, 1012]
[48, 1011]
[53, 1019]
[55, 1012]
[54, 1019]
[53, 1011]
[52, 704]
[60, 681]
[64, 661]
[65, 1050]
[62, 1011]
[64, 1012]
[60, 1019]
[57, 1012]
[59, 1050]
[55, 1019]
[48, 1050]
[54, 1012]
[55, 1050]
[60, 1011]
[53, 1050]
[53, 1011]
[60, 1050]
[60, 1019]
[53, 1011]
[50, 1050]
[53, 1012]
[55, 1050]
[59, 1011]
[55, 1050]
[55, 1011]
[60, 1050]
[60, 1019]
[55, 1011]
[48, 1050]
[54, 1012]
[55, 1050]
[60, 1011]
[53, 1050]
[53, 1011]
[60, 1050]
[60, 1019]
[53, 1011]
[55, 1050]
[55, 1012]
[55, 704]
[57, 681]
[59, 661]
[60, 1050]
[55, 1011]
[48, 1050]
[48, 1050]
[54, 1012]
[55, 1050]
[60, 1011]
[53, 1050]
[53, 1011]
[60, 1050]
[60, 1019]
[53, 1011]
[50, 1050]
[53, 1012]
[55, 1050]
[59, 1011]
[55, 1050]
[55, 1011]
[60, 1050]
[60, 1019]
[55, 1011]
[48, 1050]
[54, 1012]
[55, 1050]
[60, 1011]
[53, 1050]
[53, 1011]
[60, 1050]
[60, 1019]
[53, 1011]
[55, 1050]
[55, 1012]
[55, 704]
[57, 681]
[59, 661]
[60, 1050]
[55, 1011]
[48, 1050]
[44, 1050]
[51, 1012]
[56, 1011]
[55, 1050]
[48, 1012]
[43, 1011]
[44, 1050]
[51, 1012]
[56, 1011]
[55, 1050]
[48, 1012]
[43, 1011]
[44, 1050]
[51, 1012]
[56, 1011]
[55, 1050]
[48, 1012]
[43, 1011]
[50, 1050]
[50, 1019]
[50, 1012]
[50, 1019]
[50, 1011]
[55, 1050]
[48, 1050]
[54, 1012]
[55, 1050]
[60, 1011]
[53, 1050]
[53, 1011]
[60, 1050]
[60, 1019]
[53, 1011]
[50, 1050]
[53, 1012]
[55, 1050]
[59, 1011]
[55, 1050]
[55, 1011]
[60, 1050]
[60, 1019]
[55, 1011]
[48, 1050]
[54, 1012]
[55, 1050]
[60, 1011]
[53, 1050]
[53, 1011]
[60, 1050]
[60, 1019]
[53, 1011]
[55, 1050]
[55, 1012]
[55, 704]
[57, 681]
[59, 661]
[60, 1050]
[55, 1011]
[48, 1050]
