[70, 1311]
[70, 59]
[70, 79]
[70, 79]
[70, 79]
[0, -1]
[70, 79]
[63, 79]
[0, -2]
[0, -1]
[68, 159]
[63, 159]
[0, -2]
[0, -1]
[70, 959]
[63, 959]
[0, -2]
[0, -1]
[70, 79]
[63, 79]
[0, -2]
[0, -1]
[70, 79]
[63, 79]
[0, -2]
[0, -1]
[70, 79]
[63, 79]
[0, -2]
[0, -1]
[70, 79]
[66, 79]
[61, 79]
[0, -2]
[0, -1]
[68, 159]
[66, 1119]
[61, 1119]
[0, -2]
[70, 959]
[0, -1]
[70, 79]
[66, 79]
[61, 79]
[0, -2]
[0, -1]
[70, 79]
[66, 79]
[61, 79]
[0, -2]
[0, -1]
[70, 79]
[66, 79]
[61, 79]
[0, -2]
[0, -1]
[69, 119]
[65, 119]
[60, 119]
[0, -2]
[65, 59]
[65, 59]
[65, 119]
[65, 59]
[65, 59]
[65, 119]
[65, 59]
[65, 59]
[0, -1]
[65, 119]
[60, 119]
[0, -2]
[0, -1]
[65, 119]
[60, 119]
[0, -2]
[0, -1]
[70, 119]
[65, 119]
[0, -2]
[65, 719]
[70, 239]
[70, 119]
[72, 119]
[74, 119]
[75, 119]
[77, 1319]
[77, 119]
[77, 159]
[78, 159]
[80, 159]
[82, 1119]
[82, 159]
[82, 159]
[82, 159]
[80, 159]
[78, 159]
[0, -1]
[80, 79]
[73, 79]
[0, -2]
[78, 159]
[77, 959]
[0, -1]
[77, 479]
[73, 479]
[0, -2]
[0, -1]
[75, 159]
[70, 159]
[0, -2]
[75, 79]
[77, 79]
[0, -1]
[78, 959]
[75, 959]
[0, -2]
[0, -1]
[77, 239]
[70, 479]
[0, -2]
[75, 239]
[0, -1]
[73, 159]
[70, 159]
[0, -2]
[73, 79]
[75, 79]
[0, -1]
[77, 959]
[73, 959]
[0, -2]
[73, 479]
[0, -1]
[72, 159]
[67, 159]
[0, -2]
[72, 79]
[74, 79]
[0, -1]
[76, 959]
[72, 959]
[0, -2]
[79, 479]
[0, -1]
[77, 119]
[72, 119]
[69, 119]
[0, -2]
[65, 59]
[65, 59]
[65, 119]
[65, 59]
[65, 59]
[65, 119]
[65, 59]
[65, 59]
[0, -1]
[65, 119]
[60, 119]
[0, -2]
[0, -1]
[65, 119]
[60, 119]
[0, -2]
[0, -1]
[70, 479]
[65, 479]
[0, -2]
[0, -1]
[65, 719]
[62, 719]
[0, -2]
[70, 239]
[0, -1]
[70, 119]
[65, 479]
[0, -2]
[72, 119]
[74, 119]
[75, 119]
[0, -1]
[77, 1319]
[73, 1319]
[68, 1319]
[0, -2]
[77, 119]
[0, -1]
[77, 159]
[73, 479]
[0, -2]
[78, 159]
[80, 159]
[0, -1]
[82, 1439]
[78, 1439]
[73, 1439]
[0, -2]
[0, -1]
[85, 479]
[82, 479]
[78, 479]
[0, -2]
[84, 119]
[81, 959]
[0, -1]
[77, 479]
[72, 479]
[69, 479]
[0, -2]
[0, -1]
[78, 1439]
[73, 1439]
[70, 1439]
[0, -2]
[0, -1]
[82, 479]
[78, 479]
[73, 479]
[70, 479]
[0, -2]
[81, 119]
[77, 959]
[0, -1]
[77, 479]
[72, 479]
[69, 479]
[0, -2]
[0, -1]
[78, 1439]
[73, 1439]
[70, 1439]
[0, -2]
[0, -1]
[82, 479]
[78, 479]
[73, 479]
[70, 479]
[0, -2]
[81, 119]
[0, -1]
[77, 959]
[69, 959]
[0, -2]
[0, -1]
[74, 479]
[72, 479]
[69, 479]
[0, -2]
[0, -1]
[75, 1439]
[70, 1439]
[66, 1439]
[0, -2]
[0, -1]
[78, 479]
[75, 479]
[70, 479]
[66, 479]
[0, -2]
[0, -1]
[77, 119]
[70, 119]
[0, -2]
[0, -1]
[73, 959]
[70, 959]
[65, 959]
[0, -2]
[0, -1]
[70, 479]
[65, 479]
[61, 479]
[58, 479]
[0, -2]
[0, -1]
[72, 239]
[67, 239]
[0, -2]
[72, 119]
[74, 119]
[0, -1]
[76, 959]
[72, 959]
[67, 959]
[0, -2]
[0, -1]
[79, 479]
[76, 479]
[0, -2]
[0, -1]
[77, 119]
[72, 119]
[69, 119]
[0, -2]
[65, 59]
[65, 59]
[65, 119]
[65, 59]
[65, 59]
[65, 119]
[65, 59]
[65, 59]
[65, 119]
[65, 59]
[65, 59]
[65, 119]
[0, -1]
[72, 479]
[69, 479]
[65, 479]
[0, -2]
[0, -1]
[72, 479]
[69, 479]
[65, 479]
[0, -2]
[65, 119]
[58, 119]
[0, -1]
[70, 479]
[65, 479]
[63, 479]
[0, -2]
[65, 119]
[63, 119]
[0, -1]
[70, 479]
[65, 479]
[63, 479]
[0, -2]
[65, 119]
[61, 119]
[0, -1]
[68, 479]
[65, 479]
[61, 479]
[0, -2]
[65, 119]
[56, 119]
[0, -1]
[68, 479]
[65, 479]
[61, 479]
[0, -2]
[65, 119]
[63, 119]
[0, -1]
[70, 479]
[67, 479]
[63, 479]
[0, -2]
[65, 119]
[58, 119]
[0, -1]
[70, 479]
[67, 479]
[63, 479]
[0, -2]
[65, 119]
[60, 119]
[0, -1]
[72, 479]
[69, 479]
[65, 479]
[0, -2]
[65, 119]
[60, 119]
[0, -1]
[72, 479]
[69, 479]
[65, 479]
[0, -2]
[0, -1]
[70, 239]
[65, 239]
[63, 239]
[0, -2]
[65, 119]
[65, 119]
[67, 119]
[68, 119]
[70, 119]
[72, 479]
[0, -1]
[70, 479]
[65, 479]
[63, 479]
[0, -2]
[65, 119]
[61, 119]
[0, -1]
[68, 479]
[65, 479]
[61, 479]
[0, -2]
[65, 119]
[61, 119]
[0, -1]
[68, 479]
[65, 479]
[61, 479]
[0, -2]
[0, -1]
[70, 239]
[67, 239]
[63, 239]
[0, -2]
[65, 119]
[65, 119]
[67, 119]
[68, 119]
[70, 119]
[67, 479]
[0, -1]
[70, 479]
[67, 479]
[63, 479]
[0, -2]
[0, -1]
[67, 239]
[62, 239]
[0, -2]
[0, -1]
[62, 479]
[58, 479]
[0, -2]
[67, 239]
[0, -1]
[67, 119]
[62, 479]
[0, -2]
[69, 119]
[70, 119]
[72, 119]
[0, -1]
[74, 959]
[70, 959]
[0, -2]
[74, 159]
[0, -1]
[74, 159]
[70, 479]
[65, 479]
[0, -2]
[75, 159]
[77, 159]
[0, -1]
[79, 959]
[75, 959]
[72, 959]
[0, -2]
[0, -1]
[79, 159]
[69, 159]
[0, -2]
[0, -1]
[79, 159]
[72, 479]
[69, 479]
[0, -2]
[77, 159]
[75, 159]
[0, -1]
[77, 159]
[74, 159]
[70, 159]
[0, -2]
[0, -1]
[75, 159]
[70, 159]
[0, -2]
[0, -1]
[74, 479]
[70, 479]
[65, 479]
[0, -2]
[0, -1]
[74, 479]
[65, 479]
[0, -2]
[0, -1]
[72, 119]
[63, 119]
[0, -2]
[0, -1]
[72, 119]
[63, 119]
[0, -2]
[0, -1]
[74, 119]
[65, 119]
[0, -2]
[0, -1]
[75, 959]
[67, 959]
[0, -2]
[0, -1]
[74, 239]
[65, 239]
[0, -2]
[0, -1]
[72, 239]
[63, 239]
[0, -2]
[0, -1]
[70, 119]
[62, 119]
[0, -2]
[0, -1]
[70, 119]
[62, 119]
[0, -2]
[0, -1]
[72, 119]
[63, 119]
[0, -2]
[0, -1]
[74, 959]
[65, 959]
[0, -2]
[0, -1]
[72, 239]
[63, 239]
[0, -2]
[0, -1]
[70, 239]
[62, 239]
[0, -2]
[0, -1]
[69, 119]
[61, 119]
[0, -2]
[0, -1]
[69, 119]
[61, 119]
[0, -2]
[0, -1]
[71, 119]
[62, 119]
[0, -2]
[0, -1]
[73, 959]
[69, 959]
[64, 959]
[0, -2]
[0, -1]
[76, 479]
[73, 479]
[69, 479]
[0, -2]
[0, -1]
[67, 959]
[74, 1919]
[62, 1919]
[0, -2]
[66, 959]
[0, -1]
[67, 119]
[62, 119]
[58, 119]
[0, -2]
[0, -1]
[62, 479]
[58, 479]
[55, 479]
[0, -2]
[0, -1]
[67, 239]
[58, 239]
[0, -2]
[0, -1]
[67, 119]
[62, 479]
[0, -2]
[69, 119]
[70, 119]
[72, 119]
[0, -1]
[74, 959]
[70, 959]
[65, 959]
[0, -2]
[0, -1]
[74, 239]
[65, 239]
[0, -2]
[0, -1]
[74, 159]
[70, 479]
[65, 479]
[0, -2]
[75, 159]
[77, 159]
[0, -1]
[75, 959]
[79, 1439]
[72, 1439]
[0, -2]
[77, 479]
[0, -1]
[84, 479]
[81, 479]
[77, 479]
[72, 479]
[0, -2]
[0, -1]
[82, 119]
[77, 119]
[74, 119]
[0, -2]
[0, -1]
[77, 959]
[74, 959]
[70, 959]
[0, -2]
[0, -1]
[74, 479]
[70, 479]
[65, 479]
[0, -2]
[0, -1]
[75, 959]
[72, 959]
[67, 959]
[0, -2]
[0, -1]
[79, 479]
[75, 479]
[72, 479]
[0, -2]
[0, -1]
[78, 119]
[74, 119]
[69, 119]
[0, -2]
[0, -1]
[74, 959]
[69, 959]
[66, 959]
[0, -2]
[0, -1]
[74, 479]
[69, 479]
[66, 479]
[62, 479]
[0, -2]
[0, -1]
[75, 959]
[72, 959]
[67, 959]
[0, -2]
[0, -1]
[79, 479]
[75, 479]
[72, 479]
[0, -2]
[0, -1]
[78, 119]
[74, 119]
[69, 119]
[0, -2]
[0, -1]
[74, 959]
[69, 959]
[66, 959]
[0, -2]
[62, 479]
[63, 239]
[63, 119]
[62, 119]
[63, 239]
[63, 119]
[65, 119]
[67, 239]
[62, 239]
[60, 239]
[58, 239]
[58, 119]
[57, 119]
[58, 239]
[58, 119]
[60, 119]
[62, 239]
[60, 239]
[58, 239]
[60, 239]
[60, 119]
[58, 119]
[60, 239]
[60, 119]
[62, 119]
[63, 2399]
[0, -1]
[67, 479]
[63, 479]
[0, -2]
[0, -1]
[62, 1439]
[57, 1439]
[54, 1439]
[0, -2]
[0, -1]
[57, 479]
[54, 479]
[50, 479]
[0, -2]
[0, -1]
[60, 1919]
[55, 1919]
[52, 1919]
[0, -2]
[0, -1]
[59, 1919]
[54, 1919]
[50, 1919]
[0, -2]
[0, -1]
[58, 1919]
[53, 1919]
[50, 1919]
[0, -2]
[0, -1]
[62, 1439]
[57, 1439]
[54, 1439]
[50, 1439]
[0, -2]
[0, -1]
[57, 479]
[54, 479]
[50, 479]
[45, 479]
[0, -2]
[0, -1]
[60, 1919]
[55, 1919]
[52, 1919]
[48, 1919]
[0, -2]
[0, -1]
[59, 1919]
[54, 1919]
[50, 1919]
[47, 1919]
[0, -2]
[0, -1]
[58, 479]
[53, 479]
[50, 479]
[46, 479]
[0, -2]
[0, -1]
[69, 319]
[64, 319]
[61, 319]
[0, -2]
[69, 319]
[69, 159]
[69, 159]
[69, 319]
[69, 319]
[69, 319]
[0, -1]
[69, 319]
[64, 319]
[61, 319]
[0, -2]
[69, 159]
[69, 159]
[69, 159]
[69, 159]
[69, 319]
[69, 319]
[69, 319]
[0, -1]
[69, 319]
[64, 319]
[61, 319]
[0, -2]
[69, 159]
[69, 159]
[69, 159]
[69, 159]
[69, 319]
[69, 319]
[69, 319]
[0, -1]
[67, 319]
[62, 319]
[59, 319]
[0, -2]
[67, 159]
[67, 159]
[67, 159]
[67, 159]
[0, -1]
[72, 319]
[67, 319]
[64, 319]
[0, -2]
[72, 319]
[67, 319]
[0, -1]
[69, 319]
[64, 319]
[61, 319]
[0, -2]
[69, 159]
[69, 159]
[69, 159]
[69, 159]
[0, -1]
[69, 319]
[64, 319]
[61, 319]
[0, -2]
[69, 159]
[69, 159]
[69, 159]
[69, 159]
[0, -1]
[69, 319]
[64, 319]
[61, 319]
[0, -2]
[69, 159]
[69, 159]
[69, 159]
[69, 159]
[0, -1]
[69, 319]
[64, 319]
[61, 319]
[0, -2]
[69, 159]
[69, 159]
[69, 159]
[69, 159]
[0, -1]
[69, 319]
[64, 319]
[61, 319]
[0, -2]
[69, 159]
[69, 159]
[69, 159]
[69, 159]
[0, -1]
[69, 319]
[64, 319]
[61, 319]
[0, -2]
[69, 159]
[69, 159]
[69, 159]
[69, 159]
[0, -1]
[67, 319]
[62, 319]
[59, 319]
[0, -2]
[67, 159]
[67, 159]
[67, 159]
[67, 159]
[0, -1]
[72, 319]
[67, 319]
[64, 319]
[0, -2]
[72, 319]
[67, 319]
[0, -1]
[69, 159]
[64, 159]
[61, 159]
[0, -2]
[0, -1]
[69, 159]
[64, 159]
[61, 159]
[0, -2]
[64, 52]
[69, 52]
[64, 52]
[61, 319]
[64, 319]
[69, 319]
[0, -1]
[69, 159]
[64, 159]
[61, 159]
[0, -2]
[0, -1]
[69, 159]
[64, 159]
[61, 159]
[0, -2]
[64, 52]
[69, 52]
[64, 52]
[61, 319]
[64, 319]
[69, 319]
[0, -1]
[69, 159]
[64, 159]
[61, 159]
[0, -2]
[0, -1]
[69, 159]
[64, 159]
[61, 159]
[0, -2]
[0, -1]
[69, 159]
[64, 159]
[61, 159]
[0, -2]
[0, -1]
[69, 159]
[64, 159]
[61, 159]
[0, -2]
[0, -1]
[69, 159]
[64, 159]
[61, 159]
[0, -2]
[0, -1]
[69, 159]
[64, 159]
[61, 159]
[0, -2]
[0, -1]
[69, 159]
[64, 159]
[61, 159]
[0, -2]
[0, -1]
[69, 159]
[64, 159]
[61, 159]
[0, -2]
[64, 3839]
[0, -1]
[69, 159]
[64, 159]
[61, 159]
[57, 159]
[0, -2]
[0, -1]
[69, 159]
[64, 159]
[61, 159]
[57, 159]
[0, -2]
[0, -1]
[62, 1439]
[58, 1439]
[53, 1439]
[0, -2]
[0, -1]
[62, 79]
[58, 79]
[53, 79]
[0, -2]
[0, -1]
[62, 79]
[58, 79]
[53, 79]
[0, -2]
[0, -1]
[62, 79]
[58, 79]
[53, 79]
[0, -2]
[0, -1]
[60, 1439]
[56, 1439]
[51, 1439]
[0, -2]
[0, -1]
[60, 79]
[56, 79]
[51, 79]
[0, -2]
[0, -1]
[60, 79]
[56, 79]
[51, 79]
[0, -2]
[0, -1]
[60, 79]
[56, 79]
[51, 79]
[0, -2]
[0, -1]
[58, 1439]
[54, 1439]
[49, 1439]
[0, -2]
[0, -1]
[58, 79]
[54, 79]
[49, 79]
[0, -2]
[0, -1]
[58, 79]
[54, 79]
[49, 79]
[0, -2]
[0, -1]
[58, 79]
[54, 79]
[49, 79]
[0, -2]
[0, -1]
[53, 479]
[41, 479]
[0, -2]
[0, -1]
[53, 479]
[48, 479]
[41, 479]
[0, -2]
[0, -1]
[55, 479]
[53, 479]
[45, 479]
[43, 479]
[0, -2]
[0, -1]
[57, 479]
[53, 479]
[48, 479]
[45, 479]
[0, -2]
[0, -1]
[58, 239]
[53, 239]
[50, 239]
[0, -2]
[50, 119]
[53, 239]
[58, 239]
[62, 239]
[58, 239]
[0, -1]
[56, 239]
[53, 239]
[49, 239]
[0, -2]
[53, 239]
[49, 239]
[44, 239]
[49, 239]
[53, 239]
[56, 239]
[0, -1]
[58, 479]
[54, 479]
[49, 479]
[0, -2]
[58, 159]
[54, 159]
[49, 159]
[46, 159]
[49, 159]
[58, 159]
[54, 159]
[49, 159]
[42, 159]
[0, -1]
[53, 239]
[49, 239]
[44, 239]
[0, -2]
[65, 159]
[61, 159]
[56, 159]
[53, 479]
[0, -1]
[56, 479]
[53, 479]
[49, 479]
[0, -2]
[0, -1]
[58, 239]
[54, 239]
[51, 239]
[0, -2]
[58, 159]
[54, 159]
[51, 159]
[58, 479]
[0, -1]
[51, 479]
[46, 479]
[42, 479]
[0, -2]
[0, -1]
[53, 239]
[49, 239]
[46, 239]
[0, -2]
[53, 159]
[49, 159]
[46, 159]
[53, 479]
[0, -1]
[49, 479]
[46, 479]
[41, 479]
[0, -2]
[0, -1]
[52, 239]
[48, 239]
[43, 239]
[0, -2]
[52, 159]
[48, 159]
[43, 159]
[52, 479]
[0, -1]
[55, 479]
[52, 479]
[48, 479]
[0, -2]
[0, -1]
[53, 119]
[48, 119]
[45, 119]
[0, -2]
[0, -1]
[57, 119]
[53, 119]
[48, 119]
[0, -2]
[0, -1]
[60, 119]
[57, 119]
[53, 119]
[48, 119]
[0, -2]
[0, -1]
[57, 119]
[53, 119]
[48, 119]
[45, 119]
[0, -2]
[50, 239]
[53, 239]
[58, 239]
[53, 239]
[62, 239]
[53, 239]
[58, 239]
[53, 239]
[0, -1]
[56, 239]
[49, 239]
[0, -2]
[44, 239]
[53, 239]
[49, 239]
[56, 239]
[53, 239]
[49, 239]
[44, 239]
[42, 119]
[46, 119]
[49, 119]
[53, 119]
[54, 119]
[58, 119]
[61, 119]
[65, 119]
[66, 239]
[54, 239]
[0, -1]
[61, 479]
[58, 479]
[54, 479]
[0, -2]
[60, 159]
[57, 159]
[53, 159]
[57, 159]
[60, 159]
[65, 159]
[69, 479]
[0, -1]
[65, 479]
[60, 479]
[57, 479]
[0, -2]
[66, 159]
[61, 159]
[58, 159]
[54, 159]
[58, 159]
[61, 159]
[66, 479]
[0, -1]
[66, 479]
[61, 479]
[0, -2]
[0, -1]
[60, 119]
[57, 119]
[53, 119]
[0, -2]
[0, -1]
[53, 79]
[48, 79]
[45, 79]
[0, -2]
[0, -1]
[53, 79]
[48, 79]
[45, 79]
[0, -2]
[0, -1]
[53, 79]
[48, 79]
[45, 79]
[0, -2]
[0, -1]
[53, 239]
[48, 239]
[45, 239]
[0, -2]
[0, -1]
[57, 479]
[53, 479]
[48, 479]
[0, -2]
[66, 159]
[61, 159]
[58, 159]
[54, 159]
[58, 159]
[61, 159]
[66, 479]
[0, -1]
[66, 479]
[61, 479]
[0, -2]
[0, -1]
[60, 119]
[57, 119]
[53, 119]
[0, -2]
[0, -1]
[53, 79]
[48, 79]
[45, 79]
[0, -2]
[0, -1]
[53, 79]
[48, 79]
[45, 79]
[0, -2]
[0, -1]
[53, 79]
[48, 79]
[45, 79]
[0, -2]
[0, -1]
[53, 239]
[48, 239]
[45, 239]
[0, -2]
[0, -1]
[57, 479]
[53, 479]
[48, 479]
[0, -2]
[0, -1]
[63, 159]
[54, 159]
[0, -2]
[58, 159]
[54, 159]
[51, 159]
[54, 159]
[0, -1]
[58, 119]
[54, 119]
[51, 119]
[0, -2]
[0, -1]
[63, 479]
[58, 479]
[54, 479]
[0, -2]
[0, -1]
[61, 159]
[53, 159]
[0, -2]
[58, 159]
[53, 159]
[49, 159]
[53, 159]
[0, -1]
[58, 119]
[53, 119]
[49, 119]
[0, -2]
[0, -1]
[53, 479]
[49, 479]
[46, 479]
[0, -2]
[0, -1]
[55, 159]
[48, 159]
[0, -2]
[52, 159]
[48, 159]
[0, -1]
[60, 159]
[52, 159]
[0, -2]
[55, 159]
[52, 159]
[0, -1]
[64, 159]
[55, 159]
[0, -2]
[60, 159]
[55, 159]
[0, -1]
[72, 479]
[67, 479]
[64, 479]
[0, -2]
[0, -1]
[53, 479]
[41, 479]
[0, -2]
[0, -1]
[56, 479]
[51, 479]
[44, 479]
[0, -2]
[0, -1]
[55, 479]
[50, 479]
[46, 479]
[43, 479]
[0, -2]
[0, -1]
[54, 479]
[49, 479]
[46, 479]
[42, 479]
[0, -2]
[0, -1]
[53, 119]
[48, 119]
[45, 119]
[41, 119]
[0, -2]
[53, 119]
[53, 119]
[55, 119]
[56, 119]
[58, 119]
[60, 1439]
[53, 119]
[48, 479]
[53, 119]
[53, 119]
[55, 119]
[56, 119]
[58, 119]
[55, 1439]
[77, 119]
[72, 479]
[77, 119]
[77, 119]
[79, 119]
[80, 119]
[82, 119]
[84, 1439]
[82, 959]
[75, 479]
[0, -1]
[84, 479]
[82, 479]
[75, 479]
[0, -2]
[77, 119]
[72, 479]
[77, 119]
[77, 119]
[79, 119]
[80, 119]
[82, 119]
[79, 1439]
[75, 959]
[70, 479]
[0, -1]
[79, 479]
[75, 479]
[0, -2]
[0, -1]
[50, 479]
[46, 479]
[55, 1919]
[0, -2]
[0, -1]
[50, 479]
[46, 479]
[0, -2]
[0, -1]
[50, 479]
[46, 479]
[53, 1919]
[0, -2]
[0, -1]
[50, 479]
[46, 479]
[0, -2]
[0, -1]
[55, 959]
[51, 959]
[48, 959]
[0, -2]
[0, -1]
[60, 959]
[57, 959]
[53, 959]
[0, -2]
[0, -1]
[53, 159]
[50, 159]
[46, 159]
[0, -2]
[0, -1]
[53, 119]
[50, 119]
[46, 119]
[0, -2]
[0, -1]
[53, 479]
[50, 479]
[46, 479]
[0, -2]
[0, -1]
[55, 119]
[51, 119]
[48, 119]
[0, -2]
[55, 159]
[51, 159]
[48, 159]
[55, 239]
[0, -1]
[51, 479]
[48, 479]
[43, 479]
[0, -2]
[0, -1]
[58, 119]
[53, 119]
[50, 119]
[0, -2]
[58, 159]
[53, 159]
[50, 159]
[58, 239]
[0, -1]
[53, 479]
[50, 479]
[46, 479]
[0, -2]
[0, -1]
[57, 119]
[52, 119]
[49, 119]
[0, -2]
[57, 159]
[52, 159]
[49, 159]
[57, 239]
[0, -1]
[61, 479]
[57, 479]
[52, 479]
[0, -2]
[0, -1]
[57, 959]
[55, 959]
[50, 959]
[0, -2]
[0, -1]
[57, 959]
[54, 959]
[50, 959]
[0, -2]
[0, -1]
[55, 479]
[43, 479]
[0, -2]
[43, 239]
[0, -1]
[55, 479]
[43, 479]
[0, -2]
[0, -1]
[50, 479]
[38, 479]
[0, -2]
[0, -1]
[46, 959]
[34, 959]
[0, -2]
[0, -1]
[46, 479]
[41, 479]
[34, 479]
[0, -2]
[0, -1]
[53, 479]
[41, 479]
[0, -2]
[0, -1]
[48, 639]
[36, 639]
[0, -2]
[0, -1]
[48, 159]
[36, 159]
[0, -2]
[0, -1]
[48, 159]
[36, 159]
[0, -2]
[0, -1]
[53, 479]
[41, 479]
[0, -2]
[0, -1]
[53, 159]
[41, 159]
[0, -2]
[0, -1]
[53, 159]
[41, 159]
[0, -2]
[0, -1]
[53, 159]
[41, 159]
[0, -2]
[0, -1]
[58, 479]
[46, 479]
[0, -2]
[0, -1]
[53, 479]
[41, 479]
[0, -2]
[0, -1]
[46, 959]
[34, 959]
[0, -2]
[0, -1]
[48, 159]
[43, 159]
[39, 159]
[36, 159]
[0, -2]
[36, 159]
[43, 159]
[48, 159]
[51, 159]
[55, 159]
[0, -1]
[60, 479]
[55, 479]
[51, 479]
[0, -2]
[0, -1]
[57, 239]
[54, 239]
[50, 239]
[0, -2]
[0, -1]
[50, 159]
[45, 159]
[42, 159]
[38, 159]
[0, -2]
[0, -1]
[50, 159]
[45, 159]
[42, 159]
[38, 159]
[0, -2]
[0, -1]
[50, 159]
[45, 159]
[42, 159]
[38, 159]
[0, -2]
[0, -1]
[50, 479]
[45, 479]
[42, 479]
[38, 479]
[0, -2]
[0, -1]
[48, 159]
[43, 159]
[39, 159]
[36, 159]
[0, -2]
[36, 159]
[43, 159]
[48, 159]
[51, 159]
[55, 159]
[0, -1]
[60, 479]
[55, 479]
[51, 479]
[0, -2]
[0, -1]
[57, 239]
[54, 239]
[50, 239]
[0, -2]
[0, -1]
[50, 159]
[45, 159]
[42, 159]
[38, 159]
[0, -2]
[0, -1]
[50, 159]
[45, 159]
[42, 159]
[38, 159]
[0, -2]
[0, -1]
[50, 159]
[45, 159]
[42, 159]
[38, 159]
[0, -2]
[0, -1]
[50, 479]
[45, 479]
[42, 479]
[38, 479]
[0, -2]
[0, -1]
[51, 159]
[39, 159]
[0, -2]
[0, -1]
[51, 159]
[39, 159]
[0, -2]
[0, -1]
[50, 159]
[38, 159]
[0, -2]
[0, -1]
[51, 159]
[39, 159]
[0, -2]
[0, -1]
[51, 159]
[39, 159]
[0, -2]
[0, -1]
[53, 159]
[41, 159]
[0, -2]
[0, -1]
[55, 239]
[43, 239]
[0, -2]
[0, -1]
[50, 479]
[38, 479]
[0, -2]
[0, -1]
[50, 159]
[38, 159]
[0, -2]
[0, -1]
[50, 159]
[38, 159]
[0, -2]
[0, -1]
[48, 159]
[36, 159]
[0, -2]
[0, -1]
[50, 159]
[38, 159]
[0, -2]
[0, -1]
[50, 159]
[38, 159]
[0, -2]
[0, -1]
[51, 159]
[39, 159]
[0, -2]
[0, -1]
[53, 239]
[41, 239]
[0, -2]
[0, -1]
[48, 479]
[36, 479]
[0, -2]
[0, -1]
[48, 159]
[36, 159]
[0, -2]
[0, -1]
[48, 159]
[36, 159]
[0, -2]
[0, -1]
[46, 159]
[34, 159]
[0, -2]
[0, -1]
[48, 159]
[36, 159]
[0, -2]
[0, -1]
[48, 159]
[36, 159]
[0, -2]
[0, -1]
[50, 159]
[38, 159]
[0, -2]
[0, -1]
[51, 2879]
[39, 2879]
[0, -2]
[0, -1]
[50, 1439]
[38, 1439]
[0, -2]
[0, -1]
[50, 479]
[38, 479]
[0, -2]
[0, -1]
[48, 1919]
[36, 1919]
[0, -2]
[0, -1]
[47, 1919]
[35, 1919]
[0, -2]
[0, -1]
[46, 1919]
[34, 1919]
[0, -2]
[0, -1]
[50, 479]
[38, 479]
[0, -2]
[0, -1]
[45, 479]
[33, 479]
[0, -2]
[0, -1]
[38, 479]
[26, 479]
[0, -2]
[0, -1]
[38, 479]
[26, 479]
[0, -2]
[0, -1]
[48, 479]
[36, 479]
[0, -2]
[0, -1]
[43, 479]
[31, 479]
[0, -2]
[0, -1]
[36, 479]
[24, 479]
[0, -2]
[0, -1]
[36, 479]
[24, 479]
[0, -2]
[0, -1]
[47, 479]
[35, 479]
[0, -2]
[0, -1]
[42, 479]
[30, 479]
[0, -2]
[0, -1]
[35, 479]
[23, 479]
[0, -2]
[0, -1]
[35, 479]
[23, 479]
[0, -2]
[0, -1]
[46, 479]
[34, 479]
[0, -2]
[0, -1]
[41, 479]
[29, 479]
[0, -2]
[0, -1]
[34, 479]
[22, 479]
[0, -2]
[0, -1]
[34, 479]
[22, 479]
[0, -2]
[0, -1]
[57, 239]
[45, 239]
[0, -2]
[0, -1]
[57, 239]
[45, 239]
[0, -2]
[0, -1]
[57, 479]
[52, 479]
[45, 479]
[0, -2]
[0, -1]
[55, 239]
[43, 239]
[0, -2]
[0, -1]
[55, 239]
[43, 239]
[0, -2]
[0, -1]
[55, 479]
[50, 479]
[43, 479]
[0, -2]
[0, -1]
[54, 239]
[42, 239]
[0, -2]
[0, -1]
[54, 239]
[42, 239]
[0, -2]
[0, -1]
[54, 479]
[49, 479]
[42, 479]
[0, -2]
[0, -1]
[55, 479]
[50, 479]
[43, 479]
[0, -2]
[0, -1]
[55, 479]
[50, 479]
[43, 479]
[0, -2]
[0, -1]
[48, 479]
[43, 479]
[36, 479]
[0, -2]
[0, -1]
[48, 479]
[43, 479]
[36, 479]
[0, -2]
[0, -1]
[57, 239]
[52, 239]
[45, 239]
[0, -2]
[57, 159]
[52, 159]
[49, 159]
[0, -1]
[55, 239]
[50, 239]
[43, 239]
[0, -2]
[55, 159]
[50, 159]
[43, 159]
[0, -1]
[54, 239]
[49, 239]
[42, 239]
[0, -2]
[54, 159]
[49, 159]
[42, 159]
[0, -1]
[55, 239]
[50, 239]
[43, 239]
[0, -2]
[55, 159]
[50, 159]
[43, 159]
[0, -1]
[57, 479]
[52, 479]
[45, 479]
[0, -2]
[0, -1]
[57, 159]
[52, 159]
[45, 159]
[0, -2]
[0, -1]
[57, 159]
[49, 159]
[45, 159]
[0, -2]
[0, -1]
[57, 159]
[52, 159]
[45, 159]
[0, -2]
[0, -1]
[57, 479]
[52, 479]
[45, 479]
[0, -2]
[0, -1]
[57, 159]
[49, 159]
[45, 159]
[0, -2]
[0, -1]
[57, 159]
[52, 159]
[45, 159]
[0, -2]
[0, -1]
[57, 159]
[49, 159]
[45, 159]
[0, -2]
[0, -1]
[55, 479]
[50, 479]
[43, 479]
[0, -2]
[0, -1]
[55, 159]
[50, 159]
[43, 159]
[0, -2]
[0, -1]
[55, 159]
[47, 159]
[43, 159]
[0, -2]
[0, -1]
[55, 159]
[50, 159]
[43, 159]
[0, -2]
[0, -1]
[60, 479]
[55, 479]
[48, 479]
[0, -2]
[0, -1]
[60, 159]
[55, 159]
[48, 159]
[0, -2]
[0, -1]
[60, 159]
[52, 159]
[48, 159]
[0, -2]
[0, -1]
[60, 159]
[55, 159]
[48, 159]
[0, -2]
[0, -1]
[57, 159]
[52, 159]
[49, 159]
[45, 159]
[0, -2]
[0, -1]
[57, 159]
[52, 159]
[49, 159]
[45, 159]
[0, -2]
[0, -1]
[57, 159]
[52, 159]
[49, 159]
[45, 159]
[0, -2]
[0, -1]
[57, 159]
[52, 159]
[49, 159]
[45, 159]
[0, -2]
[0, -1]
[57, 159]
[52, 159]
[49, 159]
[45, 159]
[0, -2]
[0, -1]
[57, 159]
[52, 159]
[49, 159]
[45, 159]
[0, -2]
[0, -1]
[57, 159]
[52, 159]
[49, 159]
[45, 159]
[0, -2]
[0, -1]
[57, 159]
[52, 159]
[49, 159]
[45, 159]
[0, -2]
[0, -1]
[57, 159]
[52, 159]
[49, 159]
[45, 159]
[0, -2]
[0, -1]
[57, 159]
[52, 159]
[49, 159]
[45, 159]
[0, -2]
[0, -1]
[57, 159]
[52, 159]
[49, 159]
[45, 159]
[0, -2]
[0, -1]
[57, 159]
[52, 159]
[49, 159]
[45, 159]
[0, -2]
[0, -1]
[57, 1919]
[52, 1919]
[45, 1919]
[0, -2]
[0, -1]
[57, 1919]
[52, 1919]
[49, 1919]
[45, 1919]
[0, -2]
[0, -1]
[45, 159]
[33, 159]
[0, -2]
[0, -1]
[45, 159]
[33, 159]
[0, -2]
